773.39868164063;-1472.1333007813;-282.67950439453;3;弯道雷;-20.508539199829;79.540451049805;450;1;0;0;34;450;0
773.12536621094;-1487.7562255859;-282.53512573242;1;弯道火;-19.429250717163;79.260963439941;250;1;0;0;29;450;0
720.04650878906;-1469.7369384766;-279.96875;1;黑屋前火;-14.522524833679;76.51676940918;250;1;0;0;14;429;0
776.93713378906;-1267.4543457031;-289.10083007813;1;黑屋前火;-22.373380661011;77.632392883301;250;0;0;0;0;0;0
531.97845458984;-863.45593261719;-223.96875;1;凹槽火;-0.43448683619499;-120.38391876221;250;1;0;0;6;450;0
531.98284912109;-863.45153808594;-223.96875;3;凹槽雷;-0.29374852776527;-120.37995147705;500;1;0;0;8;450;0
781.07067871094;-900.11938476563;-159.96875;1;架点单穿;-6.0900602340698;36.617359161377;500;1;0;0;10;450;0
762.67700195313;-912.29241943359;-159.96875;3;架点单穿;-2.4145314693451;32.587867736816;500;1;0;0;15;450;0
1022.3349609375;-721.37365722656;-159.96875;1;假蹲火;-2.2654271125793;97.363342285156;500;1;0;0;24;450;0
1026.6685791016;-729.978515625;-159.96875;3;假蹲雷;-1.6446385383606;97.118240356445;500;1;0;0;18;450;0
1037.96875;-365.54550170898;-159.96875;1;小黑屋近点火;1.0024237632751;150.33746337891;500;1;0;0;10;450;0
1037.9232177734;-365.53579711914;-159.96875;3;小黑屋近点雷;1.1302132606506;150.31768798828;500;1;0;0;9;450;0
715.50848388672;-431.50170898438;-159.96875;1;假蹲火;-3.8807253837585;-45.058353424072;500;1;0;0;7;450;0
712.47808837891;-429.16195678711;-159.96875;3;假蹲雷;-4.3635911941528;-45.802070617676;500;1;0;0;10;450;0
750.01696777344;-531.49200439453;-159.96875;3;小黑屋雷;-1.4617034196854;48.097938537598;500;1;0;0;11;450;0
685.46557617188;-350.16677856445;-159.96875;1;假蹲火;-7.1336941719055;-52.561264038086;500;0;0;0;0;0;0
685.46557617188;-350.16677856445;-159.96875;3;假蹲雷;-7.1336941719055;-52.561264038086;500;0;0;0;0;0;0
747.71533203125;-535.63653564453;-159.96875;1;小黑屋火;-2.7659375667572;48.468894958496;500;1;0;0;11;450;0
584.08044433594;-426.9397277832;-159.96875;1;蛤蟆火;-1.3077839612961;-179.35081481934;500;1;0;0;15;450;0
982.38812255859;-257.47372436523;-159.96875;1;黑屋火;0.34228828549385;42.415771484375;500;1;0;0;9;450;0
982.68389892578;-257.22994995117;-159.96875;3;黑屋雷;0.28277516365051;42.587471008301;500;1;0;0;7;450;0
1213.3020019531;-91.126502990723;-159.96875;1;人质火;0.90110778808594;-47.741703033447;500;0;0;0;0;0;0
1213.3020019531;-91.126502990723;-159.96875;3;人质雷;0.90110778808594;-47.741703033447;500;0;0;0;0;0;0
1179.9208984375;-80.03125;-159.96875;1;防守火;4.0723080635071;-138.01332092285;500;1;0;0;3;450;0
1180.0858154297;-80.0263671875;-159.96875;3;防守雷;8.5910444259644;-138.00354003906;500;0;0;0;0;0;0
1435.6097412109;-305.15069580078;-159.96875;1;防守火;-0.74360084533691;136.64866638184;500;1;0;0;5;450;0
1419.90625;-312.30407714844;-159.96875;3;防守雷;1.6958140134811;134.50448608398;500;1;0;0;10;442;0
1611.8792724609;-487.43075561523;-159.96875;1;火架点火;5.3379564285278;51.491050720215;500;1;0;0;11;236;-90
2030.3798828125;-200.70573425293;-159.96875;1;防守火;-2.1661112308502;-140.82202148438;500;1;0;0;6;450;0
1999.05078125;-229.54789733887;-159.96875;3;防守雷;-0.70856082439423;-140.96017456055;500;1;0;0;13;450;0
1802.4381103516;42.592781066895;-159.96875;1;后门进攻火;1.4391262531281;144.24362182617;550;1;0;0;10;450;0
1802.6209716797;42.461013793945;-159.96875;3;后门进攻雷;1.0811460018158;144.1216583252;550;1;0;0;7;450;0
1599.7045898438;191.20721435547;-159.96875;1;后门防守火 (PEEK);0.8563050031662;86.014610290527;550;1;0;0;13;450;90
1599.7056884766;191.22662353516;-159.96875;3;后门防守雷 (PEEK);2.815080165863;85.556900024414;550;1;0;0;13;450;90
1137.6099853516;111.93714141846;-159.96875;1;门后火;0.79441523551941;-129.24990844727;550;0;0;0;0;0;0
1137.6165771484;111.94220733643;-159.96875;3;门后雷;0.8033881187439;-129.25122070313;550;0;0;0;0;0;0
1321.7108154297;225.65382385254;-159.96875;1;门内火;-0.11326545476913;-145.91944885254;550;1;0;0;8;450;0
1310.0985107422;227.26824951172;-159.96875;3;门内雷;-2.4223499298096;-149.53958129883;550;0;0;0;0;0;0
1350.4494628906;188.89315795898;-159.96875;1;后门防守火;-0.32921257615089;111.98851776123;550;1;0;0;13;450;-90
1350.4494628906;188.89315795898;-159.96875;3;后门防守雷;1.1717859506607;112.3837890625;550;1;0;0;13;432;-90
1518.7136230469;672.97088623047;-159.96875;1;后门反道具火;-1.6983112096786;131.50885009766;550;1;0;0;6;450;0
1518.7136230469;672.97088623047;-159.96875;3;后门反道具雷;-2.2460880279541;127.64978027344;550;1;0;0;6;450;0
1328.03125;751.96875;-159.96875;1;后门反道具火;-0.84618866443634;36.113327026367;550;1;0;0;5;450;0
1328.03125;751.96875;-159.96875;3;后门反道具雷;-0.59972560405731;33.351184844971;550;1;0;0;7;450;30.89999961853
1310.6137695313;880.54229736328;-159.96875;3;PEEK位雷;-2.2382311820984;-95.113090515137;550;1;0;0;14;450;90
1310.6137695313;880.54229736328;-159.96875;1;PEEK位火;-2.2696635723114;-95.128578186035;550;1;0;0;14;450;90
1264.5784912109;975.26300048828;-159.96875;1;架点火;-1.0160027742386;-45.123924255371;550;0;0;0;0;0;0
1060.0572509766;880.13433837891;-159.96875;1;单穿火;-7.0845189094543;27.849008560181;550;1;0;0;27;450;0
968.65057373047;1034.6513671875;-159.96875;1;单穿火;-2.1345362663269;-21.95662689209;550;0;0;0;0;0;0
1004.7949829102;880.03125;-159.96875;1;单穿火;-6.259250164032;45.427963256836;550;1;0;0;16;450;0
1004.8060913086;880.04248046875;-159.96875;3;单穿雷;-6.2457680702209;45.34379196167;550;1;0;0;11;450;0
594.03125;804.5107421875;-159.96875;1;人质火;-4.7620158195496;30.462551116943;550;1;0;0;14;450;0
509.33587646484;18.03125;-111.96875;1;PEEK位火;4.271071434021;68.055999755859;550;1;0;0;12;450;0
294.19979858398;18.398763656616;-159.96875;1;架点火;-1.8399573564529;28.883842468262;550;1;0;0;14;450;0
294.19979858398;18.398763656616;-159.96875;3;架点雷;-1.8399573564529;28.883842468262;550;1;0;0;8;450;0
-101.10529327393;-1069.2783203125;-223.96875;1;假蹲火;-13.170449256897;68.725479125977;550;1;0;0;4;450;0
-101.10529327393;-1069.2783203125;-223.96875;3;假蹲雷;-12.752453804016;68.491371154785;550;1;0;0;3;450;0
-161.78587341309;-833.41271972656;-279.96875;1;前压火;-18.422304153442;34.746082305908;550;1;0;0;9;450;0
-678.18542480469;-602.04119873047;-301.74722290039;1;前压火;-19.277145385742;8.7260179519653;550;1;0;0;17;450;0
-392.7575378418;268.35775756836;-159.96875;3;前压雷;-4.66015625;-24.246406555176;550;1;0;0;18;450;0
509.33987426758;18.031850814819;-111.96875;3;PEEK雷;5.4442338943481;68.209922790527;550;1;0;0;3;450;0
859.30792236328;994.80865478516;-159.96875;3;防守雷;-1.9353656768799;-134.06735229492;450;1;0;0;8;450;0
859.30700683594;994.80279541016;-159.96875;1;防守火;-3.8707158565521;-134.4009552002;450;1;0;0;8;450;0
1431.869140625;804.32147216797;-159.96875;1;防守火;-1.3347442150116;144.24641418457;450;1;0;0;8;450;0
1427.6749267578;826.45373535156;-159.96875;3;防守雷;-0.60065603256226;153.58898925781;450;1;0;0;5;450;0
