88.817878723145;-1144.3601074219;-123.20587921143;3;炸通道;-17.572641372681;78.179908752441;450;0;0;1;2;450;0
88.816909790039;-1144.3647460938;-123.20764923096;1;烧通道;-19.332273483276;78.224014282227;450;0;0;1;0;450;0
109.99153900146;-1310.9006347656;-112.34901428223;1;烧通道;-19.785232543945;81.124084472656;450;0;0;0;0;0;0
109.99067687988;-1310.9002685547;-112.33750915527;3;炸通道;-19.90157699585;80.861175537109;450;1;0;0;1;450;0
213.12963867188;-1011.5452270508;-49.426620483398;1;烧树位下;-12.402402877808;107.58377838135;450;1;0;0;14;450;60.400001525879
238.75796508789;-1042.9676513672;-51.640098571777;1;烧树位下;9.6803035736084;116.01189422607;450;0;1;0;4;450;0
310.82626342773;-981.76916503906;-51.640083312988;1;烧二楼下来的;-0.019773632287979;143.21940612793;450;0;1;0;1;450;0
214.1979675293;-1024.2817382813;-51.640098571777;3;炸树位下;-10.503344535828;111.79860687256;450;1;0;0;11;450;51.400001525879
237.06976318359;-1034.5819091797;-51.640098571777;3;炸树位下;5.7603492736816;116.24871063232;450;0;1;0;6;450;0
366.96548461914;-957.86047363281;-91.96875;3;炸石头后;-9.5676107406616;-165.04522705078;450;1;0;0;0;450;0
367.71322631836;-959.98852539063;-91.96875;1;烧石头后;-9.7464208602905;-164.5004119873;450;1;0;0;1;450;0
472.04891967773;-453.22991943359;-87.309059143066;1;烧警家门;-18.050256729126;-159.63027954102;450;1;0;0;1;450;0
455.02920532227;-392.86206054688;-81.724853515625;3;炸二楼下;-15.09280872345;-167.73976135254;450;1;0;0;1;450;0
350.2216796875;-467.44250488281;-76.742942810059;3;炸对面;-7.7334146499634;160.11410522461;450;1;0;0;1;450;0
310.49206542969;-493.52276611328;-91.965576171875;1;烧对面;-28.626747131348;150.39910888672;450;1;0;0;0;251;0
7.5817632675171;-329.60092163086;-31.96875;1;烧包点;-15.666965484619;-91.536109924316;450;1;0;0;2;450;0
-34.848175048828;-486.38800048828;-31.96875;1;烧通道;-43.496185302734;148.16342163086;450;0;0;0;0;0;0
-183.17875671387;-643.67761230469;-61.96875;3;炸通道前;-54.347923278809;94.585975646973;450;1;1;0;4;450;0
-291.74029541016;-650.35113525391;-63.96875;3;炸通道前;-4.2536330223083;30.381471633911;450;1;0;0;9;450;0
-291.7522277832;-650.37322998047;-63.96875;1;烧通道前;-4.2582569122314;30.372619628906;450;1;0;0;7;450;0
-183.44459533691;-642.72235107422;-61.96875;1;烧通道前;-51.042213439941;94.321884155273;450;0;1;0;2;450;0
-234.55924987793;-704.40887451172;-61.96875;1;烧通道中;-28.161703109741;56.799209594727;450;0;0;0;0;0;0
-938.79498291016;469.38027954102;-0.96875;1;烧前压;-22.244926452637;-71.733253479004;450;0;0;0;0;0;0
-938.79498291016;469.38027954102;-0.96875;1;烧二楼下;-19.86625289917;-72.453681945801;450;1;0;0;0;0;0
13.071245193481;-129.25650024414;-31.968748092651;3;炸双架;-36.835861206055;-127.1566696167;500;0;1;0;1;450;0
-130.52389526367;-115.67581176758;-31.96875;1;烧花坛;-29.274168014526;89.170120239258;500;1;1;0;16;450;0
-335.8967590332;-80.045845031738;-31.96875;1;烧花坛前;-46.303939819336;-65.112464904785;500;0;1;0;0;450;0
-138.43656921387;-16.153324127197;-31.96875;1;烧B包;-50.799705505371;-98.396385192871;500;1;1;0;16;450;0
-192.13543701172;-16.040697097778;-31.96875;1;烧双架;-11.217314720154;-42.136669158936;450;1;1;0;10;450;0
40.446884155273;-104.68338775635;-31.968748092651;1;烧大狙前压;1.7845072746277;-16.541683197021;450;1;0;0;11;450;0
301.84448242188;-94.04207611084;-10.815269470215;1;烧假蹲;-2.7022924423218;-102.20896148682;450;0;0;0;0;450;0
301.84100341797;-94.05827331543;-10.815223693848;3;炸假蹲;-6.8572287559509;-102.02207946777;450;0;0;0;0;0;0
479.232421875;-72.891227722168;0.03125;1;烧花坛;-10.62574672699;-135.19075012207;450;0;0;0;0;0;0
481.15286254883;-70.987037658691;0.03125;3;炸花坛;-11.093285560608;-135.08088684082;450;0;0;0;0;0;0
230.6450958252;-194.97186279297;-16.755722045898;1;peek烧B包;5.1210880279541;-107.1290435791;500;1;0;0;12;450;75.900001525879
230.9859161377;-195.38011169434;-16.719976425171;3;peek炸B包;-2.1846816539764;-114.5037689209;500;1;0;0;16;450;77.099998474121
