-2479.695068;-1913.139771;20.91993;2;CT Spawn to B Long;-28.346941;37.037228;800;0;1;0;1;0;450;0
-2991.96875;-787.961731;16.534187;2;Alley to Balcony;-26.549746;-35.08456;800;0;0;0;0;0;450;0
-1565.991821;1091.941406;64.093811;2;Middle to B Long;-45.771;-44.687805;800;0;1;0;1;0;450;0
-1566.001343;1091.941406;64.093811;2;Middle to B包点烟;-41.761398;-44.687687;800;0;1;0;1;0;450;0
-1566.001099;1091.941406;64.093811;2;Mid Plateau to Terrace;-34.303406;-32.843147;800;0;1;0;1;0;450;0
-703.96875;-335.96875;-27.910431;2;B Long to B Long  |  Terrace boxes;-15.278869;25.283163;800;0;1;0;1;0;450;0
-2534.005371;-272.03125;-184.407272;2;CT Ramp to Balcony;-17.127037;-65.392319;800;0;1;0;1;0;450;0
-1864.96875;-1611.96875;96.093811;2;Balcony to A Long;-11.221231;136.023499;800;0;0;0;0;0;450;0
-823.96875;-1055.96875;-124.076149;2;B Door to B Long;-16.781809;34.054077;800;1;0;0;2;0;450;0
-1540.973389;-1226.978027;-25.199188;2;Connector to B Long;-50.672855;41.294445;800;0;1;0;1;0;450;0
-399.96875;-760.03125;-95.604759;2;Electric to B Long;-15.114135;32.888721;800;0;0;0;0;0;450;0
-3471.96875;-655.96875;32.093811;2;A Long to Hay;-17.325163;44.563553;800;0;0;0;0;0;450;0
-558.03125;-42.535999;0.093811;2;Halls to B Door;-62.173512;-100.720726;800;0;0;0;0;0;450;0
-3346.178711;455.572449;0.093811;2;Hay to A Door;-40.32724;-45.610413;800;0;0;0;0;0;450;0
-3167.270508;584.68512;0.093811;2;Hay to Grassy;-55.144222;-61.434193;800;0;0;0;0;0;450;0
-3295.975586;79.96875;-29.906189;2;A Long to GSG (Front);-36.680634;-52.524323;800;0;0;0;0;0;450;0
-3168.03125;79.96875;-29.906189;2;A Long to GSG (Site side);-47.158157;-65.556221;800;0;0;0;0;0;450;0
-3295.975586;79.96875;-29.906189;2;A Long to GSG (Storage side);-36.664104;-50.392738;800;0;0;0;0;0;450;0
-3330.79126;486.347137;0.093811;2;Hay to Storage;-39.484535;-50.469841;800;0;0;0;0;0;450;0
-339.98996;-80.03125;-31.906189;2;B Long to B Door;-61.379925;-112.67469;800;0;0;0;0;0;450;0
-340.020111;-80.03125;-31.907467;2;B Long to Hut;-53.921837;-52.166801;800;0;0;0;0;0;450;0
-155.970673;-16.010778;-31.906189;2;B Long to Hut;-50.869473;-69.63755;800;0;0;0;0;0;450;0
-340.028198;-80.013443;-31.906189;2;B Long to Hut;-41.414818;-54.226635;800;0;0;0;0;0;450;0
47.96875;-16.03125;-23.114716;2;B Long to Boost;-81.378204;-89.289169;800;0;0;0;0;0;450;0
-288.03125;1020.97052;128.093811;2;T Spawn to B Long;-51.547066;-53.167721;800;0;0;0;0;0;450;0
-288.101501;1021.120483;128.093811;2;T Spawn to Boost;-58.757492;-80.326363;800;0;0;0;0;0;450;0
-752.03125;-80.03125;128.093811;2;Skyfall (Upper) to Skyfall;5.361639;-119.332336;800;0;0;0;0;0;450;0
-354.614044;-239.96875;-31.914421;2;B Long to Boost;-79.035889;-11.570914;800;0;0;0;0;0;450;0
-703.96875;-80.710037;-28.92395;2;B Main to Site;-60.028107;-54.990608;800;0;0;0;0;0;450;0
-418.514893;-95.749924;-32.562836;2;B Main to B包点烟;-75.323563;-61.343159;800;0;0;0;0;0;450;0
-155.978851;-16.03125;-31.906189;2;B Main to B包点烟;-69.532074;-81.473053;800;0;0;0;0;0;450;0
-340.002045;-80.008286;-31.906189;2;B Long to Electric;-77.220078;-115.603859;800;0;0;0;0;0;450;0
116.094803;1043.494507;44.676018;2;Garden to Terrace boxes;-58.310825;-75.495697;800;0;0;0;0;0;450;0
-340.009552;-80.006195;-31.906189;2;B Long to Short;-52.99807;-64.715561;800;0;0;0;0;0;450;0
-340.020142;-80.03125;-31.906189;2;B Long to Hut (Inside);-45.127613;-60.174595;800;0;0;0;0;0;450;0
-2587.859863;-589.567139;26.807899;2;Grassy to CT Ramp;-50.110405;-70.796562;800;0;0;0;0;0;450;0
805.877014;-981.467834;-97.384857;2;B包点烟 to B Long;-23.479338;124.322365;800;0;0;0;0;0;450;0
751.96875;-511.389893;-65.751923;2;Terrace stairs to B Long;-23.726938;150.683289;800;0;0;0;0;0;450;0
-435.610718;-876.408997;-107.025925;2;Rock to B Long;-19.502989;39.250854;800;0;0;0;0;0;450;0
-2907.962402;-1976.022705;143.093811;2;Barrels to Alley;-8.300402;94.145882;800;0;0;0;0;0;450;0
-780.03125;111.931717;128.093811;2;Halls to Skyfall;-4.7685;-92.1838;800;0;0;0;0;0;450;0
-2863.96875;560.03125;0.093811;2;Catwalk to Hay;-16.071022;-13.690392;800;0;1;0;1;0;450;0
-590.995239;434.631622;-0.906189;2;Halls to Skyfall;-17.854057;-108.593758;800;0;0;0;0;0;450;0