2303.7758789063;2014.9184570313;128.03125;1;连接火;-37.164077758789;-123.18137359619;500;1;1;0;13;450;0
2129.3212890625;1917.96875;128.03125;1;连接火;-35.248756408691;-126.7639465332;500;1;1;0;8;450;24.39999961853
1990.45703125;1775.8715820313;160.03125;1;警家火 (狙击手);-69.915924072266;79.895812988281;500;1;1;0;16;450;0
2432.0842285156;1464.5517578125;160.03125;1;链接单穿火;-7.1889352798462;127.46661376953;500;1;0;0;17;450;0
1927.3189697266;1911.9510498047;167.03125;1;连接防守火;-33.783542633057;-120.16526794434;500;1;1;0;15;450;0
1866.96875;1459.4959716797;160.03125;1;中路口火;-34.108551025391;-118.21348571777;500;1;1;0;15;450;0
1867.8497314453;1416.8276367188;160.03125;1;A点走道火 (PEEK);-29.848487854004;-141.35369873047;500;1;1;0;14;450;0
1840.7260742188;1274.0621337891;160.03125;1;书房火 (PEEK);-6.985330581665;12.078178405762;500;1;0;0;10;450;-111.90000152588
1928.6605224609;1225.96875;174.03125;1;墓地假蹲火;-30.774757385254;-59.942043304443;500;1;1;0;10;450;0
1969.1617431641;1224.6771240234;174.03125;1;A包单穿火;-30.716690063477;-87.808898925781;500;1;1;0;10;450;0
1969.1617431641;1224.6771240234;174.03125;1;A包箱子假蹲火;-39.611938476563;-90.257194519043;500;1;1;0;10;450;0
1517.9998779297;678.83422851563;137.55215454102;1;中路假蹲火;-39.237949371338;-176.28691101074;500;1;1;0;22;450;0
2049.826171875;1106.4436035156;156.86622619629;1;死点与箱子火;-58.233951568604;-96.394424438477;500;1;1;0;6;450;0
2049.826171875;1106.4436035156;156.86622619629;1;A包箱子假蹲火;-41.951843261719;-97.747062683105;500;1;1;0;6;450;0
2210.6142578125;1207.9907226563;168.52592468262;1;小坑火;-8.863377571106;-93.223564147949;500;1;0;0;3;450;0
2239.9772949219;1000.1987915039;160.03125;1;A1火 (防守);-33.820476531982;-108.38801574707;500;1;1;0;9;450;0
2486.9763183594;973.99633789063;163.72932434082;1;A1火 (防守);-13.354882240295;-134.05801391602;500;1;0;0;0;450;0
2332.90625;911.845703125;156.88429260254;1;连接火 (防守);-16.145526885986;150.75788879395;500;1;0;0;5;450;0
2332.8347167969;911.88500976563;156.89520263672;3;连接雷 (防守);-10.439905166626;150.63682556152;500;1;0;0;16;450;0
2405.5837402344;661.904296875;153.20390319824;1;连接火 (防守);-34.709842681885;155.75096130371;500;1;1;0;12;450;0
2318.2084960938;608.16851806641;147.17672729492;1;中路火;-35.259674072266;-175.52684020996;500;1;1;0;15;450;0
1997.3673095703;314.25189208984;160.03125;1;连接前点火;-43.71134185791;85.632827758789;500;1;1;0;12;450;0
1997.3673095703;314.25189208984;160.03125;1;连接中段火;-42.689395904541;97.717308044434;500;1;1;0;12;450;0
2055.8564453125;145.03134155273;160.03125;1;连接火;-20.383699417114;89.161628723145;500;0;0;0;0;0;0
2531.201171875;-400.28057861328;80.270454406738;1;A1火 (防守);-21.108499526978;152.10987854004;250;0;0;0;0;0;0
2487.96875;249.15690612793;151.47547912598;1;连接火;-24.408494949341;117.21541595459;500;0;0;1;1;450;0
1437.0792236328;678.26165771484;136.34252929688;1;匪2楼假蹲火;-7.7151951789856;-152.07398986816;500;1;1;0;0;450;0
1314.03125;823.23559570313;148.18437194824;1;A点连接火 (PEEK);-32.905788421631;5.3071956634521;500;1;1;0;7;450;0
1314.03125;232.06182861328;135.33406066895;1;墓地假蹲火;-3.5803229808807;-31.464962005615;500;1;1;0;20;450;0
1351.6123046875;312.30453491211;128.22479248047;1;A1火;-17.569980621338;-49.302295684814;500;1;0;0;8;450;0
1270.8206787109;476.53555297852;120.03125;1;A包箱子假蹲火;-54.771968841553;1.9698218107224;500;1;1;0;22;450;0
1157.2609863281;435.16375732422;111.87210083008;1;连接拱门火;-37.218128204346;54.088302612305;650;1;1;0;10;450;0
1157.2609863281;435.16375732422;111.87210083008;1;连接单穿火;-45.822353363037;57.037384033203;650;1;1;0;10;450;0
1440.2585449219;955.99847412109;148.03120422363;1;书房火 (PEEK);-13.525629043579;-15.121959686279;650;1;0;0;15;450;90
964.92999267578;466.94161987305;88.141990661621;1;墓地假蹲火;-34.140110015869;-2.6272990703583;650;1;1;0;78;450;0
1464.0541992188;769.01776123047;138.97076416016;1;A2楼下火 (左右键一起按);-35.805046081543;-148.76559448242;650;1;0;0;0;450;0
-261.74551391602;890.28283691406;11.03125;1;A连接门神位火;2.8943464756012;-20.265525817871;650;1;1;0;56;440;0
-181.31053161621;858.17291259766;25.169616699219;3;A连接门神位火;5.5743298530579;-18.329830169678;650;1;1;0;76;450;0
339.97534179688;2027.880859375;128.03125;1;一箱火;-46.598407745361;67.372436523438;650;0;1;0;0;0;0
415.93054199219;2029.7135009766;177.03125;1;二箱火;-46.747730255127;98.758255004883;650;0;1;0;0;0;0
875.99731445313;2447.7297363281;143.97265625;1;三箱火;7.6920967102051;175.18502807617;250;0;1;0;0;0;0
415.93054199219;2029.7135009766;177.03125;1;水池火;-36.133708953857;93.737930297852;650;0;1;0;0;0;0
516.94738769531;1954.4128417969;129.73155212402;1;PEEK位火;-36.85648727417;59.880180358887;650;1;1;0;10;450;0
166.80535888672;1674.0330810547;113.92785644531;1;PEEK位火;-38.254291534424;54.267566680908;650;1;1;0;35;450;0
672.74890136719;1873.03125;211.97431945801;1;棺材前火;-19.248643875122;95.890678405762;650;0;0;0;0;0;0
672.74890136719;1873.03125;211.97431945801;1;棺材后火;-20.985176086426;98.255920410156;650;1;0;0;3;450;0
691.39208984375;2316.4228515625;138.62348937988;1;长椅火;-49.507930755615;48.605854034424;450;1;1;0;15;450;0
691.39208984375;2316.4228515625;138.62348937988;1;PEEK位火;-53.58224105835;49.394638061523;450;1;1;0;15;450;0
720.11346435547;2539.1477050781;136.00621032715;1;CT火 (反直架);-7.8314595222473;27.166036605835;450;1;0;0;6;450;0
1224.8511962891;2910.8547363281;128.01702880859;1;反道具火;-38.776527404785;-126.18692016602;450;1;1;0;16;450;0
474.7239074707;2631.9892578125;160.03125;1;反道具火;-43.703617095947;-79.209365844727;450;0;1;0;0;0;0
474.7239074707;2631.9892578125;160.03125;1;反道具火;-42.657211303711;-100.96964263916;450;0;1;0;0;0;0
398.40161132813;2672.958984375;189.03125;3;反道具雷;-42.804306030273;-73.97144317627;450;0;1;0;0;450;0
398.40161132813;2672.958984375;189.03125;3;反道具雷;-44.811080932617;-94.582366943359;450;1;1;0;0;450;0
415.93081665039;2029.7042236328;177.03125;3;一箱雷;-44.688289642334;79.732398986816;450;0;1;0;0;0;0
672.95080566406;1873.0303955078;211.97328186035;3;棺材雷;-17.646362304688;97.703735351563;400;1;0;0;5;450;0
496.37454223633;1914.3983154297;130.4070892334;3;PEEK位雷;-49.438899993896;59.483390808105;400;1;1;0;36;450;0
808.87084960938;2094.0131835938;137.91180419922;1;前压火;-4.531943321228;-147.28053283691;400;1;0;0;31;450;0
821.71221923828;2347.0021972656;138.51763916016;3;前压雷;14.351428031921;-124.90566253662;500;1;1;0;33;450;0
