-1449.4868;807.9657;-47.96875;3;单穿点雷;-5.3351154327393;-139.59851074219;550;0;0;0;0;0;180
-1449.4868;807.9657;-47.96875;1;单穿点火;-5.3351154327393;-139.59851074219;550;0;0;0;0;0;450
899.59454345703;-1228.03125;-108.96875;3;跳台雷;-21.829069137573;-162.80641174316;250;1;0;0;10;450;0
-1650.8846435547;-2174.5207519531;-256.8352355957;1;包点火;2.4666230678558;-10.380791664124;350;1;1;0;18;331;0
-1623.9080810547;-2192.2800292969;-255.42567443848;1;死点火;0.073950804769993;-7.1971101760864;350;1;1;0;6;256;0
-1273.3785400391;-2477.7175292969;-189.99592590332;1;A1假蹲点火;9.7032556533813;29.11131477356;350;1;1;0;20;450;1.3000000715256
-1232.380859375;-2491.5610351563;-180.87347412109;1;CT单穿火;-0.8060839176178;121.45617675781;450;1;0;0;22;450;0
-1033.4078369141;-2525.0322265625;-167.96875;1;跳台火;-8.5333585739136;62.606861114502;450;0;1;0;6;0;0
-766.11529541016;-1330.9542236328;-167.96875;1;A2楼火;-21.013149261475;-47.148632049561;250;1;0;0;9;450;0
364.84982299805;-1697.3985595703;-194.38996887207;1;A1假蹲火;-14.770627975464;126.36133575439;100;1;0;0;10;450;0
991.15454101563;-1226.3737792969;-108.96875;1;跳台火;-18.506114959717;-165.84214782715;100;1;0;0;2;450;0
85.69652557373;-2374.5163574219;-39.96875;1;死点火;15.666660308838;112.10013580322;100;1;0;0;2;450;0
-31.916637420654;-1418.0080566406;-167.96875;1;长箱火;-19.770000457764;-138.11999511719;100;0;0;0;0;0;0
-31.916637420654;-1418.0080566406;-167.96875;1;警亭火;0.48305961489677;-134.77505493164;450;1;1;0;7;450;0
150.98799133301;-2071.96875;-167.96875;1;A2楼火;-32.786392211914;101.52201843262;100;1;0;0;6;450;0
150.98799133301;-2071.96875;-167.96875;1;A1箱火;-8.2279348373413;117.47026062012;250;0;0;0;0;0;0
809.50231933594;-2236.9318847656;-39.96875;1;阳台火;-4.7027258872986;-169.37945556641;100;1;0;0;63;450;0
340.65435791016;-2172.5397949219;-39.96875;1;阳台火;-8.9034414291382;-124.13556671143;100;1;0;0;6;450;0
1383.96875;-1354.8276367188;-167.96875;1;A1前压火;-15.013498306274;140.3942565918;100;1;0;0;3;450;0
333.11608886719;-154.89808654785;-165.96875;1;VIP窗口火;-16.532876968384;-153.68096923828;100;1;0;0;27;450;1.3000000715256
-1183.96875;-456.03125;-167.96875;1;下水道火;6.7606902122498;-69.763298034668;100;0;0;0;0;0;0
-485.51620483398;-1626.6683349609;-39.96875;1;B小火;6.9799833297729;105.23175048828;100;1;1;0;14;450;0
-1145.9135742188;649.72961425781;-79.96875;1;白车火;-7.2552709579468;169.92277526855;100;1;0;0;6;450;0
-936.00958251953;-2591.6069335938;-167.96875;1;拱门假蹲火;4.90558385849;79.110961914063;450;1;1;0;5;450;0
-881.21600341797;-2272.181640625;-170.60801696777;1;A1前压火;-16.482732772827;35.446380615234;450;1;0;0;6;450;0
-723.76770019531;-2093.7937011719;-179.96875;1;CT回防火;-23.946765899658;-105.16493988037;450;1;0;0;3;450;0
-735.22235107422;-2053.8239746094;-179.96875;1;CT回防火;-10.636280059814;-106.91561889648;450;1;0;0;5;450;0
-774.73217773438;-1848.2379150391;-179.96875;1;CT火;-17.966567993164;-89.399147033691;450;0;0;0;0;450;0
-783.07977294922;-1681.9235839844;-173.76095581055;1;A1箱上火;3.7518818378448;13.823402404785;450;1;1;0;21;450;0
-853.59265136719;-1475.6693115234;-167.96875;1;拱门火;3.1344399452209;51.056751251221;450;1;0;0;11;450;0
-1119.9971923828;-1527.0329589844;-156.07821655273;1;A1远点火;-12.872237205505;-0.24124965071678;450;1;0;0;7;450;0
-1097.0125732422;-1526.96875;-158.06053161621;1;A1近点火;-20.099393844604;-0.49213328957558;450;1;0;0;5;50;0
-1087.8530273438;-1477.3706054688;-163.51695251465;1;CT假蹲位火;3.5040078163147;116.15180969238;450;1;0;0;14;450;0
-1102.1499023438;-1414.9918212891;-171.3125;1;包点假蹲位火;-14.572043418884;-29.436265945435;450;1;0;0;8;450;0
-1243.4638671875;-1314.0338134766;-171.97985839844;1;A2楼火;0.74078059196472;-31.55352973938;450;1;1;0;26;450;0
-1282.4487304688;-1058.5489501953;-167.96875;1;拱门火;14.091302871704;-26.419122695923;450;1;1;0;31;450;-90.5
-1288.0140380859;-1026.1629638672;-167.96875;1;中路拱门火;-6.2918920516968;63.45832824707;450;1;0;0;31;450;0
-1156.8471679688;-960.22253417969;-167.96875;1;下水道前压火;1.9622384309769;80.377449035645;450;0;0;0;0;0;0
-1120.3404541016;-967.64233398438;-167.96875;1;下水道火;-2.1318249702454;114.51903533936;450;1;0;0;18;450;0
-1238.7263183594;-722.86517333984;-128.96875;1;CT假蹲火;4.6214170455933;-35.01639175415;450;1;0;0;8;450;0
-1120.03125;-456.03125;-167.96875;1;L位火;-2.7819674015045;6.2353925704956;450;1;0;0;27;450;-90
-1070.8792724609;-775.96875;-263.96875;1;VIP火;-30.03556060791;97.911842346191;450;1;0;0;1;450;0
-1032.3345947266;-583.74279785156;-287.96875;1;B小远火;-26.504011154175;57.591152191162;450;1;0;0;3;450;0
-999.2080078125;-546.72210693359;-287.96875;1;B小近火;-32.126274108887;59.913360595703;450;0;0;0;0;0;0
-968.29498291016;-379.74917602539;-346.09048461914;1;VIP远火;-25.648307800293;-113.75812530518;450;0;0;0;0;0;0
-1017.1021728516;-308.23080444336;-367.96875;1;B小前压火;-37.277561187744;-74.311111450195;450;1;0;0;11;450;0
-975.1279296875;-286.73648071289;-367.96875;1;狗洞火;-23.200134277344;-110.30674743652;450;1;0;0;1;450;180
-992.73284912109;-273.43496704102;-367.96875;1;小黑屋火;-14.836250305176;-103.28863525391;450;1;1;0;14;450;0
-1036.44140625;-182.45390319824;-367.96875;1;B小中段火;-9.7882413864136;-77.934646606445;450;1;0;0;15;450;0
-1047.9937744141;106.3801574707;-359.96875;1;B小BUG右火;-47.677391052246;113.40463256836;450;0;0;0;0;0;0
-1047.9937744141;106.3801574707;-359.96875;1;B小BUG左火;-69.799789428711;-166.59994506836;450;0;0;0;0;0;0
-992.81848144531;295.63327026367;-367.96875;1;假蹲火 (PEEK);-27.038007736206;-13.631458282471;450;1;0;0;14;450;90
-925.33654785156;373.16055297852;-367.96875;1;下水道火 (PEEK);-0.52464997768402;-82.61735534668;450;1;0;0;11;450;-90
-521.29864501953;575.61663818359;-80.85717010498;1;单穿火;2.7098369598389;29.690752029419;450;1;0;0;9;450;0
-1093.2159423828;468.06387329102;-79.96875;1;下水道假蹲火;-8.9567899703979;34.083530426025;450;1;0;0;3;450;0
-1096.5784912109;628.03155517578;-79.96875;1;B2楼火 (PEEK);-3.9438939094543;-165.57946777344;450;1;0;0;13;450;-90
-1144.1823730469;669.10131835938;-79.96875;1;单穿火;-4.6426467895508;-22.723600387573;450;1;0;0;14;450;0
-1272.2202148438;766.78851318359;-79.96875;1;B点位火;-3.9121885299683;-163.16137695313;450;0;0;1;1;450;0
-1307.1307373047;807.99938964844;-79.96875;1;沙发火;-7.0060782432556;-162.09770202637;450;1;0;0;13;450;0
-1360.166015625;806.27838134766;-79.96875;1;B包火;-0.92418551445007;-151.8065032959;450;1;0;0;14;450;0
-1409.3760986328;806.28576660156;-60.378326416016;1;B二下火;-2.639283657074;-159.49258422852;450;0;0;0;0;0;0
-1409.3760986328;806.28576660156;-60.378326416016;1;沙发前火;-7.4670562744141;-146.5980682373;450;0;0;0;0;0;0
-1755.4595947266;825.35113525391;-47.96875;1;B小中段火;3.0942885875702;-53.821857452393;450;0;0;1;0;0;0
-1952.03125;823.99853515625;-47.96875;1;超市火;-1.6379897594452;-89.351226806641;450;1;0;0;4;450;0
-1953.4986572266;700.03143310547;-47.96875;1;超市前压火;-6.5379648208618;-88.757377624512;450;1;0;0;5;450;0
-1953.4986572266;700.03143310547;-47.96875;1;超市小道火;-0.92218613624573;-111.05316925049;450;1;0;0;5;450;0
-2255.2282714844;778.40673828125;-126.32704162598;1;B小火;-5.2945756912231;-26.806175231934;450;1;0;0;13;450;0
-2325.2277832031;812.55133056641;-119.65473175049;1;超市火;-10.348226547241;-69.74097442627;450;1;0;0;2;450;0
-2325.2277832031;812.55133056641;-119.65473175049;1;B小中段火;-8.0175447463989;-26.472257614136;450;0;0;0;2;450;0
-2614.1462402344;432.90551757813;-167.96875;1;B小中段火;5.7058424949646;-1.134038567543;250;1;1;0;0;450;0
-2635.96875;104.03125;-159.52569580078;1;B2楼火;4.6802258491516;28.171640396118;250;1;1;0;4;450;0
-2341.5751953125;286.47241210938;-167.96875;1;B2楼火;-22.936422348022;22.862188339233;250;0;0;0;0;0;0
-2405.3193359375;-144.87249755859;-158.76458740234;1;B2楼火;-26.114238739014;46.62829208374;450;0;0;0;0;0;0
-2179.7197265625;-620.72631835938;-167.96875;1;B包左点火;-10.307866096497;50.8310546875;450;1;0;0;13;450;0
-1685.9799804688;-674.22338867188;-167.96875;1;B包全覆盖火;-7.9309058189392;121.93181610107;450;1;0;0;12;450;0
-1302.240234375;286.2292175293;-167.96875;1;B包火;-9.5263910293579;143.82997131348;450;1;0;0;8;450;0
-1302.240234375;286.2292175293;-167.96875;1;B包后点火;-16.70671081543;149.68341064453;450;1;0;0;8;450;0
-1230.8106689453;247.67695617676;-167.65107727051;1;白车火;-11.746018409729;150.82955932617;450;1;0;0;8;450;0
-1264.5932617188;195.17582702637;-167.96875;1;B2楼后火;-13.20469379425;131.83001708984;450;1;0;0;5;450;0
-1041.4603271484;278.05969238281;-167.89343261719;1;中路L位火;-14.362344741821;-56.750930786133;450;1;0;0;2;450;0
-1012.8475341797;295.96875;-165.16130065918;1;中路假蹲火;-11.40974521637;-61.161514282227;450;0;0;0;0;0;0
-952.51910400391;295.15234375;-167.07623291016;1;中路拱门火;-8.7819480895996;-75.64476776123;450;0;0;0;0;0;0
-752.00225830078;-52.058162689209;-161.84815979004;1;B小火 (左右键一起按);12.880159378052;143.00657653809;450;1;1;0;14;450;0
-908.61755371094;-142.91050720215;-167.96875;1;中远点火;-14.139696121216;-35.145496368408;450;1;0;0;32;450;0
-1084.6774902344;-56.03125;-167.96875;1;VIP中火;9.3289642333984;-105.00466156006;450;1;1;0;3;450;0
-1103.96875;-56.03125;-167.96875;1;VIP后火;10.791897773743;-96.675079345703;450;1;1;0;0;0;0
-487.48617553711;-564.79840087891;-275.74374389648;1;拱门火;-13.153137207031;-116.64206695557;250;1;0;0;10;450;0
-462.03109741211;-728.02307128906;-264.46987915039;1;B小火;-25.617004394531;118.20222473145;450;0;0;1;0;450;0
-214.40731811523;-900.85577392578;-167.96875;1;拱门火;-16.05361366272;113.42984771729;450;1;0;0;11;450;0
502.96875;-680.10913085938;-160.00096130371;1;VIP火火;-14.359990119934;-179.84436035156;450;1;0;0;16;450;0
280.02081298828;-171.0023651123;-166.31050109863;1;下水道口火;11.611616134644;-144.66273498535;450;1;1;0;14;450;0
456.31774902344;398.76287841797;-251.96875;1;下水道口假蹲火;-48.794826507568;179.33898925781;450;1;1;0;22;450;0
-27.228139877319;837.09613037109;-135.96875;1;假蹲火;-8.9474468231201;-149.73014831543;650;1;0;0;5;450;0
10.153986930847;778.20837402344;-135.96875;1;单穿火;-28.624277114868;-173.39921569824;650;0;0;1;0;450;0
1156.466796875;277.97970581055;-249.22412109375;1;单穿火;-4.2824926376343;136.57797241211;650;1;1;0;12;450;0
1375.4207763672;-1295.38671875;-167.96875;1;A1上火;-18.686256408691;165.03988647461;650;1;0;0;9;450;0
960.03924560547;-1183.96875;-260.23657226563;1;T家凹槽火;-4.7003326416016;55.95959854126;250;1;1;0;10;450;0
1016.5079345703;-1183.96875;-256.62481689453;1;T假蹲火;0.74248373508453;64.287971496582;450;1;1;0;15;450;0
999.03723144531;-1253.9582519531;-108.96875;1;T假蹲火;6.6509604454041;75.261589050293;450;1;1;0;5;450;0
875.96875;-1215.1932373047;-108.96875;1;长箱火;-0.49410900473595;-149.2830657959;450;1;1;0;10;450;0
834.05163574219;-1255.0881347656;-108.96875;1;三明治火;-19.490398406982;-164.44117736816;450;1;0;0;0;0;0
709.92669677734;-1361.5544433594;-261.97891235352;1;A1防前压火;-10.103901863098;-128.87284851074;450;1;0;0;10;450;0
560.03125;-1393.2912597656;-251.14627075195;1;2楼前压火;-21.66007232666;40.099826812744;450;1;0;0;9;450;0
626.34674072266;-1500.8103027344;-263.96875;1;狙位火 (PEEK);-1.8473283052444;166.26348876953;450;1;0;0;13;450;90
743.96875;-1680.2088623047;-251.85615539551;1;跳台火;-23.663934707642;170.05862426758;450;1;0;0;32;450;0
545.78948974609;-1654.1041259766;-263.96875;1;跳台火;-23.472448348999;169.51361083984;450;1;0;0;18;450;0
520.71270751953;-1557.3406982422;-263.96875;1;VIP火;-20.240139007568;-179.54119873047;450;1;0;0;16;450;0
503.01126098633;-1627.1888427734;-263.470703125;1;VIP火;-18.537126541138;173.90394592285;450;1;0;0;16;450;0
235.4178314209;-1581.0053710938;-175.96875;1;A二外点火;-15.04451084137;112.66521453857;450;1;1;0;12;450;0
551.96875;-2182.2880859375;-39.96875;1;2楼平台火;-5.901478767395;-159.23133850098;450;1;0;0;6;450;0
552.32165527344;-2234.5998535156;-39.96875;1;2楼下火;-6.465202331543;-164.37496948242;450;1;0;0;68;450;0
210.52529907227;-2284.4704589844;-39.96875;1;假蹲火;-11.157873153687;103.47658538818;450;1;0;0;25;450;90
180.3754119873;-2286.83984375;-39.96875;1;跳台火;-2.0661940574646;104.49365234375;450;1;0;0;17;450;90
167.41067504883;-2281.3562011719;-39.96875;1;拱门单穿火;-8.9944458007813;108.32662200928;450;1;0;0;14;450;90
154.63296508789;-2375.96875;-39.96875;1;A1近点假蹲火;5.2170791625977;112.83776092529;450;1;0;0;6;450;0
87.96875;-2168.2644042969;-35.96875;1;警亭火;-2.7651128768921;-177.58547973633;450;1;0;0;4;450;0
18.460828781128;-2219.1479492188;-39.96875;1;假蹲火;-7.76762342453;13.288961410522;450;1;0;0;4;450;0
179.71852111816;-1661.4576416016;-167.96875;1;包点假蹲火;-3.2900080680847;-149.21459960938;450;1;0;0;10;450;0
179.71852111816;-1661.4576416016;-167.96875;1;CT家火;-16.282049179077;-150.49705505371;450;1;0;0;10;450;0
181.98832702637;-1717.96875;-167.96875;1;2楼近点火;-15.741794586182;100.91205596924;450;1;1;0;19;450;0
165.30223083496;-1639.7152099609;-167.96908569336;1;A1狙位火;13.193681716919;-12.90181350708;450;1;0;0;13;450;90
-14.143409729004;-1544.3450927734;-168.16578674316;1;跳台火;-31.054525375366;169.86793518066;450;0;0;0;0;0;0
-113.74548339844;-1479.7370605469;-69.175369262695;1;跳台火 (PEEK);6.7440662384033;150.14302062988;250;1;0;0;18;450;90
-311.47909545898;-2225.7199707031;-169.12588500977;1;拱门火;-9.3862752914429;112.89569091797;250;1;0;0;7;450;0
-995.87188720703;-2494.9328613281;-167.96875;3;跳台雷;-5.9666337966919;65.341194152832;450;0;1;0;9;450;0
-16.032766342163;-1542.4521484375;-167.9723815918;3;跳台雷;-35.951061248779;174.44117736816;450;0;0;1;2;450;0
-1242.3400878906;-1176.2758789063;-167.96875;3;拱门雷;-4.1524057388306;-48.590614318848;450;1;0;0;16;450;0
-2198.4741210938;151.67390441895;-159.96875;3;超市雷;-6.7917318344116;-53.359859466553;450;1;0;0;11;450;0
-2199.6149902344;152.47735595703;-159.96875;1;超市火;-6.2010550498962;-53.345489501953;450;1;0;0;13;450;0
-2046.3138427734;407.16577148438;-159.96875;1;B小前火;-18.397657394409;38.505069732666;450;1;0;0;9;448;0
-2046.4561767578;407.37191772461;-159.96875;3;B小前雷;-14.390663146973;38.282138824463;450;1;0;0;10;450;0
-1780.2027587891;118.39864349365;-165.71875;3;对面雷;-13.460563659668;131.05230712891;450;1;0;0;6;450;0
-1778.2221679688;111.55466461182;-165.71875;1;对面火;-9.8557643890381;-128.78601074219;450;1;0;0;6;450;0
-1885.0054931641;-51.249912261963;-166.62005615234;1;对面火;-14.070488929749;137.92288208008;450;1;0;0;6;450;0
-1892.8784179688;-33.57593536377;-165.71875;3;对面雷;-14.613035202026;138.47221374512;450;1;0;0;5;450;0
-1888.3171386719;533.76806640625;-165.71875;1;超市前火;-12.142185211182;-137.91731262207;450;1;0;0;6;450;0
-1889.0676269531;533.08990478516;-165.71875;3;超市前雷;-12.142188072205;-138.05078125;450;1;0;0;2;450;0
-2310.2795410156;113.75547027588;-167.96875;1;对面火;-18.682367324829;-54.148136138916;450;1;0;0;5;450;0
-2310.2795410156;113.75547027588;-167.96875;3;对面雷;-11.408129692078;-53.547233581543;450;1;0;0;4;442;0
-662.68859863281;-944.33819580078;-215.96875;3;L位雷;1.2278097867966;74.479774475098;450;1;1;0;26;450;0
-675.71643066406;-939.10113525391;-215.96875;1;L位火;-4.8842644691467;72.242828369141;450;1;1;0;18;450;0
-720.17456054688;-1330.6284179688;-167.96875;3;A2楼雷;-17.882080078125;-48.745388031006;450;1;0;0;6;450;0
-668.61334228516;-1299.0137939453;-167.96875;1;A2楼火;-19.072156906128;-51.809864044189;450;1;0;0;11;450;0
-657.22009277344;-906.73571777344;-230.59718322754;3;L位雷;2.9115233421326;73.626777648926;450;1;1;0;20;450;0
-535.44116210938;-1372.2514648438;-130.95889282227;3;下包雷;1.4195384979248;-74.470352172852;450;1;0;0;7;450;0
-535.52136230469;-1372.6356201172;-130.65148925781;1;下包火;-10.133916854858;-77.473609924316;450;1;0;1;3;450;0
-113.85311889648;-1479.7030029297;-69.175369262695;3;跳台雷 (PEEK);2.9459505081177;152.31852722168;550;1;0;0;16;450;90
-503.19137573242;-1472.4836425781;-50.776565551758;3;A1雷 (PEEK);2.7733228206635;21.572412490845;550;1;0;0;18;450;-90
901.12701416016;-1191.96875;-108.96875;1;A1二层火;-10.218229293823;-141.62905883789;250;0;0;0;0;0;0
-53.49137878418;-2035.0560302734;-39.96875;1;A1二层火;1.540803194046;72.439651489258;250;1;1;0;42;250;0
-541.60583496094;-1561.4445800781;-39.96875;1;A1二层火;-15.931166648865;1.473625421524;250;1;0;0;0;90;0