-916.118713;-1143.96875;-415.917816;2;T Spawn to CT Red;-18.249531;-14.669739;800;0;1;0;1;0;450;0
1664.03125;-280.002014;-351.90625;2;CT Spawn to Outside T;-25.048063;-135.212463;800;0;1;0;1;0;450;0
-891.998962;-1168.323486;-413.906189;2;T Spawn to Garage;-17.572639;-17.452114;800;0;1;0;1;0;450;0
-891.951721;-1263.96875;-415.906189;2;T Spawn to Hut roof;-17.688993;4.36083;800;0;1;0;1;0;450;0
1370.326782;-2447.993164;-452.117767;2;Secret (单向);37.305859;-88.044754;800;0;0;0;0;0;450;0
1041.013916;-512.03125;-103.906189;2;Heaven (单向);3.827516;-88.642143;800;0;0;0;0;0;450;0
-438.052002;-1060.469238;-156.656189;2;T Roof to Secret entrance;-14.751043;-37.170055;800;0;0;0;0;0;450;0
-533.003357;-833.215759;-193.634827;2;T Roof to Red box;-30.904673;-43.816589;800;0;0;0;0;0;450;0
-73.96875;-1033.96875;-91.406189;2;T Roof to Yard;-5.478057;-60.118416;800;0;0;0;0;0;450;0
50.070557;-1051.997803;-47.906189;2;T Roof to Heaven;-16.468109;31.109758;800;0;0;0;0;0;450;0
-363.668243;-1443.45105;-287.906189;2;T Roof to Garage;-31.120029;-14.295693;800;0;0;0;0;0;450;0
-496.427063;-1644.334961;-415.906189;2;Oustide T to Catwalk corner;-42.834888;3.866335;800;0;0;0;0;0;450;0
251.96875;-449.96875;-415.906189;2;Trophy to Ramp;0.444593;124.861145;800;1;0;0;2;0;450;0
63.064407;-1430.763794;-89.906189;2;Silo to Secret entrance;2.540244;-31.097244;800;0;0;0;0;0;450;0
22.190968;-280.017548;-171.906189;2;T Roof to Main;-28.149817;-62.744186;800;0;0;0;0;0;450;0
167.962311;-1181.793823;-155.906189;2;T Roof to Under catwalk;-66.842072;-11.267667;800;0;0;0;0;0;450;0
-50.990414;-338.030182;-108.791183;2;T Roof to Heaver corner;-21.384789;-23.68574;800;0;0;0;0;0;450;0
-164.092941;-1954.733765;-415.916107;2;Outside T to Garage;-13.613587;1.278547;800;0;0;0;0;0;450;0
185.746246;-1261.861572;-85.906189;2;T Roof to Secret;-57.486801;-46.527817;800;0;0;0;0;0;450;0
167.985001;-1144.008057;-171.906189;2;T Roof to Heaven (Outside);-62.865753;30.048834;800;0;0;0;0;0;450;0
-423.996399;-1753.002075;-415.914856;2;Outside T to Yard;-2.624159;-50.804165;800;1;0;0;2;0;450;0