-2041.28;902.592;480.094;2;Short Tunnel;-30.0849;-65.0901;800;0;0;0;0;0;450;0
-201.185;-919.1;30.6068;2;Barrels;-31.8449;117.134;800;0;0;0;0;0;450;0
-1557.14;-360.692;32.4734;2;Bridge;-43.515;21.5197;800;0;0;0;0;0;450;0
-3288.63;-358.969;536.094;2;Car;-21.6798;61.4749;800;0;0;0;0;0;450;0
-3288.63;-358.969;536.094;2;Container;-17.8298;59.7699;800;0;0;0;0;0;450;0
-3611.195557;-177.62674;512.836487;2;Long to Bank;4.685833;45.85442;800;0;1;0;1;0;450;0
-3580.172363;-78.238251;512.93634;2;Long to Back A;6.714474;32.608036;800;0;1;0;1;0;450;0
-1993.412598;537.720886;475.093811;2;CT Spawn to Canal pipe;-1.881;-43.970734;800;0;1;0;1;0;450;0
-2088.664551;918.095581;480.093811;2;CT Spawn to Monster;-16.533953;-48.058834;800;0;1;0;1;0;450;0
-3580.172363;-78.238251;512.93634;2;Long to Back A;4.255975;32.542042;800;0;1;0;1;0;450;0
-2079.996582;670.613342;472.093811;2;CT Spawn to Pipe;-17.14472;-61.818825;800;0;0;0;0;0;450;0
-2115.841309;992.920288;480.093811;2;CT Spawn to Sandbags;-22.936214;-57.690578;800;0;0;0;0;0;450;0
-1926.860962;1311.96875;355.030579;2;Back A to Canal pipe;-46.200985;-40.010532;800;0;0;0;0;0;450;0
-2012.96875;-1231.96875;240.093811;2;Tunnels (单向);16.218643;63.144173;800;0;0;0;0;0;450;0
-2244.988281;801.227356;472.093811;2;CT Spawn to Pipe;-20.659;-59.482792;800;0;0;0;0;0;450;0
-1826.37561;629.178894;256.093811;2;Heaven (单向);26.580435;-17.457275;800;0;0;0;0;0;450;0
-1559.991455;-361.262207;32.424126;2;Construction (单向);-19.075224;-131.257538;800;0;0;0;0;0;450;0
-2191.96875;1311.96875;356.093811;2;Back A (单向);-8.86176;-55.390415;800;0;0;0;0;0;450;0
-1993.398926;537.698242;475.093811;2;CT Spawn to Long;-28.677984;-169.596695;800;0;0;0;0;0;450;0
-2445.471436;1043.549438;480.084656;2;CT Spawn to Pipe;-5.792435;-58.008457;800;0;1;0;1;0;450;0
-1929.296509;800.613403;480.093811;2;CT Spawn to Pipe;-13.266983;-67.330742;800;0;0;0;0;0;450;0
-2059.970947;633.612732;472.093811;2;CT Spawn to Monster;-33.990913;-43.224922;800;0;0;0;0;0;450;0
-3320.36084;-358.997864;536.093811;2;Cafe to GSG;-18.134613;62.146011;800;0;0;0;0;0;450;0
-1559.99939;-361.285339;32.421722;2;Construction to Bridge;-43.693123;21.193089;800;0;0;0;0;0;450;0
-2536.195557;-1056.03125;433.399048;2;Short to B Default;-25.873356;34.544403;800;0;0;0;0;0;450;0
-2025.534058;-865.001343;395.427856;2;Short to A Main;-28.313963;114.564102;800;0;0;0;0;0;450;0
-2351.96875;-414.03125;388.562317;2;Short to Back A;-60.588089;73.825958;800;0;0;0;0;0;450;0
-2162.000488;-519.96875;391.460358;2;Short to Bank;-29.749702;100.836487;800;0;0;0;0;0;450;0
-2537.055664;-1056.03125;433.399078;2;Short to Toxic  |  Pillar;-25.525805;38.119961;800;0;0;0;0;0;450;0
-2351.589111;-790.03125;388.75824;2;Short to Truck (In);-37.65332;79.287178;800;0;0;0;0;0;450;0
-2351.96875;-790.030823;388.806732;2;Short to Truck (Out);-37.735825;81.105255;800;0;0;0;0;0;450;0
-1751.96875;-671.96875;128.343811;2;Squeaky to Heaven;-21.813353;87.229683;800;0;0;0;0;0;450;0
-613.014099;-1082.017212;42.160416;2;Tracks to Toxic  |  Pillar;-29.337307;99.340714;800;0;0;0;0;0;450;0
-525.9823;-1551.984375;144.093811;2;Tracks to B Default;-43.807911;110.431473;800;0;0;0;0;0;450;0
-617.486389;-1509.028809;144.093811;2;Alley to Bridge;-48.988934;113.071342;800;0;0;0;0;0;450;0
-3612.545654;-177.62674;512.791992;2;Long to GSG;-40.392601;51.259613;800;0;0;0;0;0;450;0
-1645.96875;-1087.96875;96.093811;2;Construction to Toxic;-14.603092;62.433121;800;1;0;0;2;0;450;0
-1567.96875;-632.289246;7.324776;2;Construction to Bridge;-39.254143;57.023972;800;0;0;0;0;0;450;0
-1567.96875;-1087.984619;0.093811;2;Construction to B Default;-30.278185;74.646019;800;0;0;0;0;0;450;0
-1567.96875;-1087.989624;0.093811;2;Construction to Pit;-24.899216;71.312859;800;0;0;0;0;0;450;0
-1559.96875;-728.785583;52.574356;2;Construction to Heaven;-33.446209;96.293686;800;0;0;0;0;0;450;0
-730.03125;-2225.143799;240.093811;2;T Spawn to Restroom;-51.612926;149.045975;800;1;0;0;2;0;450;0
-3383.369629;35.247875;516.906006;2;Long to Back A;-18.035419;31.69908;800;0;0;0;0;0;450;0
-2174.002441;-1151.96875;398.197235;2;Short to Heaven;-26.368107;71.543701;800;0;0;0;0;0;450;0
-1645.986938;-1087.9823;96.093811;2;Construction to Pillar;-20.0158;55.835869;800;0;0;0;0;0;450;0
-2351.96875;-815.96875;391.089905;2;Short to Truck;-34.683971;81.500427;800;0;0;0;0;0;450;0
-1421.973022;-1087.96875;0.280518;2;Water to Walkway (Right);-28.760462;107.193207;800;0;0;0;0;0;450;0
-1259.998779;-1079.979126;0.093811;2;Water to Walkway (Left);-32.010883;110.080414;800;0;0;0;0;0;450;0
-3540.03125;-381.96875;528.0802;2;Cafe to Boxes  |  Truck;-14.256992;41.849758;800;0;0;0;0;0;450;0
-2604.023926;1102.215088;480.093811;2;Bank to Long;-24.090078;70.93821;800;0;0;0;0;0;450;0
-2012.911011;-1231.996216;240.093811;2;Connector to Lower Tunnel;-28.842152;44.554512;800;0;0;0;0;0;450;0
-1559.997192;-361.269562;32.426544;2;Construction to Bridge;-43.642719;21.174242;800;0;0;0;0;0;450;0
-996.96;-539.15;96.03;1;unsafe water;2.26;101.00;500;1;0;0;2;50;450;0
-784.00;495.96;96.03125;1;Construction;-16;-95.88;500;0;0;0;0;50;450;0