-170.68591308594;418.36434936523;-1.386962890625;1;烧B通;-7.4965085983276;108.3899307251;500;0;0;1;1;450;0
844.82855224609;792.94030761719;47.03125;1;蓝车假蹲火;2.6496906280518;55.920402526855;500;1;1;0;6;450;0
830.59899902344;809.37548828125;47.03125;1;蓝车前点火;1.2594828605652;53.106632232666;550;0;1;0;2;450;0
1300.3599853516;1463.4089355469;1.03125;1;烧A大前压;-20.737819671631;-94.159721374512;550;1;0;0;10;450;0
273.03518676758;1714.9077148438;65.817687988281;1;A包假蹲下包点;6.1933531761169;57.953594207764;550;1;1;0;16;445;0
471.49844360352;1983.2078857422;133.03125;1;peek扔假蹲;-1.4945977926254;5.3925423622131;550;1;0;0;16;450;88.700004577637
273.03213500977;1690.5625;50.835632324219;1;烧A点peek位;3.7083647251129;57.43977355957;550;1;1;0;18;450;0
-156.03791809082;608.80145263672;1.2736015319824;1;烧A小;-23.187950134277;91.627334594727;550;1;0;0;19;450;0
-2012.9755859375;1466.6228027344;32.768585205078;1;烧B点假蹲;-11.658254623413;76.204277038574;550;1;0;0;9;450;0
-2012.7313232422;1466.9626464844;32.757484436035;3;炸B点假蹲;-10.005893707275;75.71696472168;550;1;0;0;13;450;0
-1099.3581542969;2381.419921875;10.858413696289;1;烧白车假蹲;-8.3527069091797;-135.54359436035;550;1;0;0;2;450;0
-1099.3555908203;2381.3459472656;10.829845428467;3;炸白车假蹲;-8.1719589233398;-135.60180664063;550;1;0;0;0;450;0
-760.02307128906;2066.0151367188;-109.24728393555;1;B包死点;-25.299377441406;132.59860229492;550;1;0;0;0;0;0
-666.65246582031;2415.9052734375;-96.552185058594;1;B通假蹲;-24.11417388916;159.85859680176;550;1;0;0;8;450;0
-136.77592468262;1347.2261962891;0.050895690917969;1;烧警家;-11.878915786743;136.62118530273;550;1;0;0;10;450;0
-224.61421203613;1437.0684814453;32.03125;3;炸警家;-3.6082801818848;136.81719970703;550;1;0;0;10;450;0
1647.9744873047;1770.8533935547;1.0912475585938;3;炸警家蛤蟆阵;15.893942832947;146.11526489258;550;1;1;0;26;450;0
1647.9625244141;1771.2622070313;1.0912475585938;1;烧警家蛤蟆阵;15.094284057617;146.16581726074;550;1;1;0;23;450;0
374.80178833008;2384.5109863281;-120.04905700684;1;烧A包;-17.491594314575;-45.588039398193;550;1;1;0;43;450;0
