416.48;1768.7;128.65;2;B点CT烟;-48.07;65.35;800;0;0;0;0;0;450
-79.45;1330.01;106.77;2;B点烟 (CT侧);-36.52;66.62;800;0;0;0;0;0;450
-79.45;1330.01;106.77;2;棺材烟;-11.005769;69.318787;800;0;1;0;1;0;450
721.26;49.05;94.28;2;过路房门口烟;-36.35;55.47;800;0;0;0;0;0;450
1912.797729;2621.056885;244.500916;2;棺材烟;-38.61;158.63;800;0;0;0;0;0;450
2032.023682;2975.97583;133.090286;2;B点近点烟 (防御);-38.131714;-154.727448;800;0;0;0;0;0;450
151.96875;3063.995117;160.093811;2;B点近点烟 (防御);-8.019628;-40.489166;800;0;0;0;0;0;450
386.385803;2537.66333;160.093811;2;B点近点烟 (防御);-26.500118;-19.823505;800;0;0;0;0;0;450
2479.925293;-16.03125;98.300232;2;A1烟 (墓地楼梯单向);0.098992;-132.038345;800;0;0;0;0;0;450
2129.03125;1917.96875;128.093811;2;中路烟 (防直架);-46.826851;-121.514229;800;0;0;0;0;0;450
1329.921631;2977.21875;144.343811;2;香蕉道烟;-30.755987;-129.919357;800;0;0;0;0;0;450
2643.637207;-337.03125;90.823151;2;A1烟 (大坑单向);-17.044886;171.898758;800;0;0;0;0;0;450
2631.96875;-16.03125;84.093811;2;A1烟 (大坑单向);-5.692367;-179.12886;800;0;0;0;0;0;450
1913.227295;1225.96875;174.093811;2;B2平台烟;-46.497322;-87.005005;800;0;0;0;0;0;450
1971.687988;2636.702393;128.093811;2;B点烟 (CT侧/回防过点);-39.996227;175.975357;800;0;0;0;0;0;450
2110.925537;-319.9888;292.093811;2;A1烟 (大坑单向);-16.187532;130.413361;800;0;0;0;0;0;450
875.96875;2481.443359;145.093811;2;香蕉道烟;-23.992226;-125.139305;800;0;0;0;0;0;450
122.978165;1593.462891;113.03125;2;B点CT烟;-34.798424;56.149929;800;0;0;0;0;0;450
491.936829;-267.96875;88.093811;2;长廊烟 (第二身位);-42.024933;45.854645;800;0;0;0;0;0;450
295.990173;644.004761;20.093811;2;过路房门口烟;-22.455982;-11.856322;800;0;0;0;0;0;450
338.871887;1650.802856;122.093811;2;棺材烟;-50.093639;84.572739;800;0;0;0;0;0;450
-874.629822;507.57666;-32.03125;2;中路烟 (RUSH);-8.848992;-0.368756;100;0;1;0;1;0;450
361.207794;1795.970947;125.613968;2;B点CT烟;-32.027519;58.743397;800;0;0;0;0;0;450
726.010803;186.011993;97.527359;2;链接烟 (第二身位);-46.349754;45.800774;800;0;0;0;0;0;450
960.90033;434.006409;88.093811;2;摩托烟;-49.863846;13.159984;800;0;0;0;0;0;450
960.90033;434.006409;88.093811;2;书房烟;-47.024956;28.967554;800;0;0;0;0;0;450
790.03125;-302.988647;99.04657;2;A1烟;-58.426853;41.080406;800;0;0;0;0;0;450
726.048767;246.789902;91.620178;2;A包点酒桶烟;-50.952045;-1.720898;800;0;0;0;0;0;450
726.048767;246.789902;91.620178;2;链接烟 (防直架);-26.424453735352;40.510139465332;250;0;0;0;0;0;0
704.160339;11.96875;88.797089;2;大坑烟;-52.337799;-2.135024;800;0;0;0;0;0;450
1291.03125;1186.03125;160.093811;2;长廊防守烟 (防中路RUSH);-77.15493;-1.665051;800;0;0;0;0;0;450
610.96875;1873.03125;134.252365;2;石板烟 (单向);-44.186985;-0.872295;800;0;0;0;0;0;450
1487.96875;760.018494;138.93573;2;匪口左侧石板烟 (防直架);-35.937;-164.238937;800;0;0;0;0;0;450
1121.03125;-367.96875;256.093811;2;A2入口烟;-6.798101;74.801872;800;0;0;0;0;0;450
1744.03125;2694.496826;160.093811;2;B包点烟;-2.161512;-100.138107;800;0;0;0;0;0;450
273.982513;1378.460449;107.093811;2;香蕉道迷惑烟;-71.196579;151.149689;800;0;0;0;0;0;450
1275.96875;-111.96875;256.093811;2;过路房烟 (混烟);9.454458;116.691383;800;0;0;0;0;0;450
1130.03125;2803.0102539063;128.02298;2;木板香蕉道烟;-26.404943466187;-144.11083984375;500;0;0;0;0;0;450
1314.03125;341.77478027344;129.03125;2;A点酒桶烟;-16.882228851318;-50.050170898438;500;0;0;0;0;0;450
1327.1704101563;1247.96875;160.612595;2;中路烟;-12.374614715576;-58.286464691162;500;0;0;0;0;0;450
1341.03125;26.03125;133.50116;2;过路房烟;-19.543260574341;40.047740936279;500;0;0;0;0;0;450
1439.9847412109;2956.2158203125;131.340088;2;木板烟 (单向);-30.856513977051;-127.21116638184;500;0;0;0;0;0;450
1568.5783691406;-274.03100585938;256.03125;2;A点进攻烟;-8.6899929046631;-39.009983062744;500;0;0;0;0;0;450
157.96875;744.47741699219;79.907639;2;马鹏烟;-8.2609844207764;-20.538049697876;500;0;1;0;1;0;450
1662.8587646484;2977.8347167969;133.603973;2;B点近点烟;-14.400027275085;-155.89331054688;500;0;0;0;0;0;450
339.97534179688;2027.880859375;128.03125;1;一箱火;-46.598407745361;67.372436523438;650;0;1;0;0;0;0
415.93054199219;2029.7135009766;177.03125;1;二箱火;-46.747730255127;98.758255004883;650;0;1;0;0;0;0
875.99731445313;2447.7297363281;143.97265625;1;三箱火;7.6920967102051;175.18502807617;250;0;1;0;0;0;0
415.93054199219;2029.7135009766;177.03125;1;水池火;-36.133708953857;93.737930297852;650;0;1;0;0;0;0
672.74890136719;1873.03125;211.97431945801;1;棺材前火;-19.248643875122;95.890678405762;650;0;0;0;0;0;0
672.74890136719;1873.03125;211.97431945801;1;棺材后火;-20.985176086426;98.255920410156;650;1;0;0;3;450;0
