1239.9621582031;-1159.9680175781;-246.27073669434;2;拱门烟 (A点侧);-24.716693878174;-175.29501342773;250;1;1;0;1;450;0
1239.9621582031;-1159.9680175781;-246.27073669434;2;Jungle烟;-47;-172.3;250;0;1;0;1;450;0
1147.2009277344;-1183.9984130859;-205.57168579102;2;跳台烟;-40.831581115723;-165.45027160645;250;0;0;0;0;0;0
1147.2009277344;-1183.9984130859;-205.57168579102;2;B小烟 (黑屋门口);-32.25;153.78999328613;250;0;1;0;0;0;0
899.60095214844;-1228.03125;-108.96875;2;跳台烟;-18.422277450562;-163.68341064453;250;0;0;0;0;0;0
899.60681152344;-1228.0279541016;-108.96875;1;三明治火;-19.291261672974;-163.47235107422;250;0;0;0;0;0;0
899.59454345703;-1228.03125;-108.96875;3;跳台雷;-21.829069137573;-162.80641174316;250;1;0;0;10;450;0
787.92535400391;-1215.0776367188;-108.96875;2;CT烟;4.550549030304;-146.24908447266;250;0;1;0;0;0;0
787.92535400391;-1215.0776367188;-108.96875;2;A点烟;2.5394518375397;-147.49018859863;250;0;1;0;0;0;0
-91.093910217285;-1418.0297851563;-115.96875;2;跳台烟;-33.45393371582;-63.09912109375;250;0;1;0;0;0;0
815.9892578125;-1417.2337646484;-108.96875;2;过点烟;-27.852973937988;-172.32299804688;250;0;0;0;0;0;0
-31.89616394043;-1418.03125;-167.96875;2;过点烟;-15.81044960022;-109.48706054688;250;0;1;0;0;0;0
-31.89616394043;-1418.03125;-167.96875;2;CT烟;-37.729873657227;-117.10843658447;250;0;0;0;0;0;0
1257.7219238281;-871.99871826172;-143.96875;2;CT烟;-21.504945755005;-144.11000061035;250;0;1;0;0;0;0
1422.84375;34.830581665039;-167.96875;2;VIP烟;-27.564075469971;-164.81568908691;250;1;1;0;6;450;-13.10000038147
1422.84375;34.830581665039;-167.96875;2;VIP窗户烟;-26.159999847412;-166.36000061035;250;1;1;0;8;80;0
1408.46;63.65;-112.90266;2;VIP窗户烟;-27.55;-166;250;1;1;0;7;75;0
1408.46;63.65;-112.90266;2;中路侧道近点烟 (RUSH);-32;-162.3;250;0;0;0;0;0;0
1455.96875;-104.03125;-147.96875;2;VIP窗户烟;-25;-169.55;250;1;1;0;20;85;0
-253.97;-2134.08;-172.95;2;短箱烟 (单向);10;113.65;75;0;0;0;0;0;0
-253.97;-2134.08;-172.95;2;跳台烟;-77.169998168945;113.31999969482;250;0;0;0;0;450;0
1066;-1032;-260.17;2;CT烟 (反狙击手);-29.7;-144.8;250;0;1;0;0;0;0
815.96;-1457.56;-108.96;2;过点烟;-28.16;-175.27;250;0;0;0;0;0;0
761.39;-1212;-108.96;2;拱门烟;-52.27;-174.78;250;0;0;0;0;0;0
1338.59;-916.53;-167.96;2;长箱烟;-35.5;-150;250;0;1;0;0;0;0
1382.45;-629.91;-167.96;2;A包点烟;-19;-140.56;250;0;1;0;2;0;0
1239.99;-1023.97;-258.97;2;A包点烟;-18.38;-149.65;250;0;1;0;0;0;0
-784;623.97;-75.968;2;超市门口烟;-61;-151.5;250;0;1;0;0;0;0
-784;623.97;-75.968;2;B包点烟 (防超市窗口);-56.799999237061;-158.05999755859;250;0;0;0;0;450;0
-595.41;520;-83.02;2;B2楼平台烟;-50.2;171.48;250;0;0;0;0;0;0
-1120;-796;-167.97;2;VIP窗户烟 (单向);8.23;85.8;250;0;0;0;0;0;0
-148.03125;353.01239013672;-34.427696228027;2;B点烟 (二楼侧);-46;178.95;250;0;1;0;0;0;0
-148.03125;353.01239013672;-34.427696228027;2;B2楼平台烟;-55.829998016357;167.44999694824;250;0;1;0;0;450;0
-148.03125;353.01239013672;-34.427696228027;2;忍者位烟;-60.369998931885;-179.83999633789;250;0;1;0;0;450;0
-190.94;696;-71.97;2;白车烟;-21;179.6;250;0;1;0;0;0;0
-1208.4221191406;-875.61444091797;-167.96875;2;VIP窗户烟 (单向);-48.214;66.405;250;0;0;0;0;0;0
-160;887.97;-135.33;2;超市窗户烟;-50.38;-146.49;250;0;1;0;0;0;0
-160;887.97;-135.33;2;超市门口烟;-43;-152.88;250;0;1;0;0;0;0
-160;887.97;-135.33;2;B小烟;-44.5582;-134.517;250;0;0;0;0;0;0
-160;887.97;-135.33;2;VIP窗户烟;-54.860000610352;-120.6000213623;250;0;1;0;0;450;0
-160;887.97;-135.33;2;B包点烟;-58.859996795654;-159.50999450684;250;0;1;0;0;450;0
-160;887.97;-135.33;2;Jungle烟;-36.5;-101.4700012207;250;0;1;0;0;450;0
936.03997802734;-1032.0100097656;-257.94744873047;2;CT烟;-12.779999732971;-143.91999816895;250;0;1;0;0;450;0
875.96899414063;-1209.6899414063;-108.90619659424;2;A包点烟;-21.64999961853;-149.33999633789;250;0;0;0;0;450;0
-292.95700073242;651.05499267578;-79.906196594238;2;B包点烟;-38.379997253418;-168.91000366211;250;0;0;0;0;450;0
399.96899414063;-17.062000274658;-199.76400756836;2;B小烟 (黑屋门口);-47.090000152588;-174.25;250;0;0;0;0;450;0
1135.9699707031;647.97601318359;-261.32901000977;2;拱门烟 (中路侧);-28.569999694824;-140.2799987793;250;0;1;0;0;450;0
1135.9699707031;647.97601318359;-261.32901000977;2;B小烟 (黑屋门口);-40.809940338135;-156.64999389648;250;0;1;0;0;450;0
-903.96899414063;-376.03100585938;-158.42599487305;2;A2楼烟;-17.029998779297;-60.069999694824;250;0;1;0;0;450;0
398.96899414063;174.52600097656;-248.86700439453;2;拱门烟 (中路侧);-47.129997253418;-136.78999328613;250;0;0;0;0;450;0
360.07998657227;-691.96997070313;-162.5;2;VIP窗户烟;-32.529998779297;177.89999389648;50;0;0;0;0;450;0
360.07998657227;-691.96997070313;-162.5;2;B小烟;-23.5;162.36000061035;50;0;0;0;4;450;0
360.07998657227;-691.96997070313;-162.5;2;拱门烟 (A点侧);-47.67936706543;-153.37899780273;250;0;0;0;0;0;0
-807.96997070313;-1235.9699707031;-167.9700012207;2;下水道烟 (窗口侧);6.9400000572205;48.200000762939;50;1;0;0;4;450;0
-552.36999511719;-1309.0300292969;-163.9700012207;2;A1烟 (拱门);-77.319999694824;-17.639999389648;50;0;1;0;4;450;0
-1872.5400390625;-247.9700012207;-163.90744018555;2;超市烟 (单向/破门);15.699999809265;-141.91999816895;250;0;0;0;0;450;0
-1119.9699707031;-1527.0400390625;-156.0174407959;2;A1烟 (拱门);-12.789999961853;-0.6599999666214;250;0;0;0;0;450;0
-1710.9699707031;-1489.3299560547;-257.91000366211;2;A1烟 (拱门);-56.860000610352;-1.1999999284744;250;0;1;0;0;450;0
-2026.3599853516;-2029.9699707031;-299.06744384766;2;B包点烟 (超市防B小);-29.429998397827;86.930000305176;250;0;1;0;0;450;0
496.0299987793;679.96997070313;-135.9700012207;2;B小烟 (包点侧);-45.700000762939;-165.33000183105;250;0;1;0;0;80;0
-1710.9699707031;-1208.0300292969;-255.08000183105;2;B二楼烟 (匪二楼侧);-44.5;67.430000305176;250;0;1;0;0;80;0
1127.9799804688;-1208;-108.9700012207;2;VIP窗户烟;-26.369998931885;166.50999450684;250;1;1;0;0;25;0
1398.9699707031;-1255.9699707031;-167.9700012207;2;B包点烟 (超市侧);-32.290000915527;159.59999084473;250;1;1;0;25;450;0
1398.9699707031;-1255.9699707031;-167.9700012207;2;B包点烟 (B2侧);-41.430000305176;155.19999694824;250;1;1;0;25;450;0
-1711.9699707031;-761.03002929688;-167.9700012207;2;A2楼烟 (防RUSH);-32.659999847412;-38.860000610352;250;0;1;0;0;450;0
1422.9899902344;-248.00999450684;-167.9700012207;2;B2楼平台烟;-52.584922790527;162.58317565918;250;1;1;0;45;450;0
1422.9899902344;-248.00999450684;-167.9700012207;2;窗户烟;-44.999145507813;-172.46743774414;250;1;1;1;6;450;0
-1120.0300292969;-456;-167.9700012207;2;VIP窗户烟 (单向);54.419998168945;-81.430000305176;250;0;0;0;0;450;0
-2031.96875;-1960.5823974609;-300.43115234375;2;B包点烟;-45.853649139404;91.373474121094;250;1;1;0;2;61;0
-2031.96875;-1766.3483886719;-299.37872314453;2;A2楼烟 (防RUSH);-25.466459274292;-10.95108127594;250;1;1;0;3;53;0
-261.46591186523;-1547.8830566406;-167.96875;2;过点烟 (防B小直架);-41.225528717041;-6.4894714355469;250;0;1;1;0;0;0
-6.77703332901;-1811.96875;-110.97956085205;2;下水道烟 (窗口下);-35.762424468994;125.03215026855;250;0;1;0;9;0;0
-992.01495361328;-1304.8190917969;-156.12178039551;2;拱门烟 (A点侧);-35.233238220215;-117.758644104;250;0;0;0;0;0;0
173.3214263916;-935.18218994141;-158.28930664063;2;拱门烟 (中路侧);-13.255187034607;126.553855896;250;1;0;0;3;450;0
392.95791625977;337.86721801758;-251.96875;2;Jungle烟 (拱门侧有缝隙);-35.288311004639;-124.0238571167;250;0;1;0;0;0;0
495.92239379883;583.53942871094;-123.96875;2;B小拱门烟 (B2侧);-53.392700195313;-176.53134155273;250;0;1;0;0;0;0
-358.90969848633;-934.96875;-165.14535522461;2;B小道烟 (撤退);-77.337371826172;115.00022888184;250;0;0;0;0;0;0
31.970613479614;-2375.96875;-39.96875;2;阳台烟 (防跳台直架);4.7525177001953;62.65465927124;250;0;0;0;0;0;0
-554.97308349609;-2103.669921875;-179.96875;2;匪家小道烟;-18.503944396973;30.979089736938;250;0;1;0;0;0;0
-554.97308349609;-2103.669921875;-179.96875;2;A1烟;-22.442003250122;49.969272613525;250;0;0;0;0;0;0
-260.74249267578;-2345.3876953125;-167.96875;2;中路侧道烟 (匪家侧);-18.446584701538;85.931701660156;250;0;1;0;0;0;0
-260.74249267578;-2345.3876953125;-167.96875;2;CT烟;-64.105659484863;-160.50489807129;250;0;0;0;0;0;0
181.96875;-1717.96875;-167.96875;2;B2楼烟 (匪二楼侧);-42.615016937256;111.38878631592;250;1;1;0;7;450;0
181.96875;-1717.96875;-167.96875;2;B点防守烟 (B2侧);-37.677452087402;130.62532043457;250;1;1;0;7;450;0
457.99371337891;-1711.96875;-240.96192932129;2;A1烟 (单向);-10.60057258606;133.23341369629;250;0;0;0;0;0;0
-1047.9989013672;-313.96875;-367.96875;2;B小过点烟;-44.757385253906;-74.197875976563;250;0;0;0;0;0;0
-972.18530273438;-374.03125;-348.94943237305;2;阳台下烟 (防直架);-57.638782501221;-75.953453063965;250;0;0;0;0;0;0
814.99975585938;-1548.8315429688;-108.96875;2;B2楼平台烟;-27.608777999878;163.32595825195;250;0;0;0;0;0;0
-2415.9924316406;-115.75729370117;-157.98042297363;2;B2楼烟;-28.163202285767;44.175987243652;250;0;0;0;0;0;0
-2635.96875;104.03125;-159.53881835938;2;B2楼烟;-24.374765396118;27.913589477539;250;0;0;0;0;0;0
-1863.9914550781;335.96875;-159.96875;2;A2楼烟 (防RUSH);-31.166181564331;-51.115127563477;250;1;1;0;21;450;0
-1862.9971923828;176.00332641602;-159.96875;2;匪二楼烟;-42.846515655518;22.061498641968;250;0;0;0;0;0;0
-1367.9940185547;815.99566650391;-79.96875;2;B小烟 (防直架);-3.9081888198853;-160.40086364746;250;0;0;0;0;0;0
-759.51849365234;623.99951171875;-75.96875;2;B包烟 (超市侧);-56.99195098877;-158.05436706543;250;0;0;0;0;0;0
-368.3742980957;684.53070068359;-79.96875;2;VIP窗户烟;-39.2024269104;-117.49969482422;250;0;0;0;0;0;0
-1435.9914550781;283.96875;-167.96875;2;超市窗口烟 (单向/破门);-6.5853614807129;-131.3038482666;250;0;0;0;0;0;0
-1046.09375;-56.007106781006;-167.96875;2;Jungle (单向);-28.643035888672;-119.25978851318;250;0;0;0;0;0;0
-1199.9903564453;-407.99270629883;-55.96875;2;下水道烟 (VIP下);21.683168411255;-69.942886352539;250;0;0;1;0;0;0
-1136.03125;-407.56860351563;-55.96875;2;防VIP下直架烟;39.562637329102;-150.93132019043;250;0;0;0;0;0;0
502.98468017578;-64.002662658691;-160.00743103027;2;Jungle烟;-14.509038925171;-134.11097717285;250;0;1;0;1;23;0
502.98468017578;-64.002662658691;-160.00743103027;2;A点老六位烟;-20.686191558838;-111.55274200439;250;1;1;0;10;450;0
-739.00170898438;292.96875;-143.96875;2;B小烟;-1.1212066411972;-128.7431640625;250;0;1;0;0;0;0
-739.00170898438;292.96875;-143.96875;2;CT烟;-14.332924842834;-91.186080932617;250;0;1;0;0;0;0
-739.00170898438;292.96875;-143.96875;2;下水道烟 (VIP下);1.0978329181671;-98.383926391602;250;0;1;0;0;0;0
-736.69750976563;241.85667419434;-143.96875;2;下水道烟 (中段);1.173788189888;-99.077308654785;250;0;1;0;0;0;0
-911.27667236328;-30.00643157959;-167.96875;2;过点烟;-21.833827972412;-88.349349975586;250;0;1;0;0;0;0
150.9909362793;-2071.9699707031;-167.96875;1;A2火;-32.767673492432;101.50826263428;250;1;0;0;7;450;0
150.9909362793;-2071.9699707031;-167.96875;1;A1箱火;-8.2279348373413;117.47026062012;250;0;0;0;0;0;0
-31.915468215942;-1418.0303955078;-167.96875;1;长箱火;-19.92763710022;-138.13284301758;250;0;0;0;0;0;0
-31.915468215942;-1418.0303955078;-167.96875;1;长箱火;-19.770000457764;-138.11999511719;100;0;0;0;0;0;0
-31.915468215942;-1418.0303955078;-167.96875;1;CT火;0.48305961489677;-134.77505493164;450;1;1;0;7;450;0
-365.39276123047;-2173.7917480469;-176.13790893555;1;A1箱火 (上);-25.760795593262;44.8747215271;250;0;0;0;0;0;0
16.02130317688;-2360.0207519531;-39.96875;1;阳台下火;9.5822277069092;73.435043334961;250;0;0;0;0;0;0
-975.58221435547;-1503.3247070313;-167.96875;1;A1火 (楼梯);-18.414985656738;-4.4773049354553;250;0;0;0;0;0;0
-1119.9957275391;-1508.9138183594;-158.06059265137;1;A1箱火 (下);-15.964338302612;-2.4254877567291;250;1;0;0;36;450;0
-363.92654418945;-935.23876953125;-165.05450439453;1;B小雷 (危险);9.1912250518799;141.84451293945;250;1;1;0;19;450;-101.5
-363.92654418945;-935.23876953125;-165.05450439453;3;B小火 (危险);9.1912250518799;141.84451293945;250;1;1;0;19;450;-101.5
-719.96875;-1018.1120605469;-215.96875;1;L点火  (危险);-4.6688017845154;70.567016601563;250;1;1;0;40;450;0
-719.96875;-1018.1120605469;-215.96875;3;L点雷(危险);-2.9594037532806;70.567016601563;250;1;1;0;80;450;0
-903.96875;-499.96875;-93.984375;2;Jungle门烟;-53.446556091309;-104.10468292236;250;0;0;0;0;0;0
146.03125;-935.82293701172;-166.88394165039;2;B小烟 (危险);-10.568051338196;177.19258117676;250;1;0;0;23;450;-96.5
-34.355491638184;-1418.03125;-120.1753692627;1;CT火;-15.785306930542;-130.79832458496;250;1;0;0;6;450;0
-684.52423095703;-1275.5798339844;-167.96875;3;A2雷 (防RUSH);-20.12776184082;-52.216636657715;250;1;0;0;20;450;0
-684.52551269531;-1275.5625;-167.96875;1;A2火 (防RUSH);-20.185583114624;-52.336162567139;250;1;0;0;20;450;0
-1650.8846435547;-2174.5207519531;-256.8352355957;1;包点火;2.4666230678558;-10.380791664124;350;1;1;0;18;331;0
-1623.9080810547;-2192.2800292969;-255.42567443848;1;死点火;0.073950804769993;-7.1971101760864;350;1;1;0;6;256;0
-1033.4078369141;-2525.0322265625;-167.96875;1;跳台火;-8.5333585739136;62.606861114502;450;0;1;0;6;0;0
991.15454101563;-1226.3737792969;-108.96875;1;跳台火;-18.506114959717;-165.84214782715;100;1;0;0;2;450;0
85.69652557373;-2374.5163574219;-39.96875;1;死点火;15.666660308838;112.10013580322;100;1;0;0;2;450;0
333.11608886719;-154.89808654785;-165.96875;1;VIP窗口火;-16.532876968384;-153.68096923828;100;1;0;0;27;450;1.3000000715256
-975.1279296875;-286.73648071289;-367.96875;1;狗洞火;-23.200134277344;-110.30674743652;450;1;0;0;1;450;180
-992.73284912109;-273.43496704102;-367.96875;1;小黑屋火;-14.836250305176;-103.28863525391;450;1;1;0;14;450;0
-1036.44140625;-182.45390319824;-367.96875;1;B小中段火;-9.7882413864136;-77.934646606445;450;1;0;0;15;450;0
-1047.9937744141;106.3801574707;-359.96875;1;B小BUG右火;-47.677391052246;113.40463256836;450;0;0;0;0;0;0
-1047.9937744141;106.3801574707;-359.96875;1;B小BUG左火;-69.799789428711;-166.59994506836;450;0;0;0;0;0;0
-1183.9750976563;-456.00524902344;-167.96875;1;下水道火;6.4110078811646;-70.656890869141;250;1;0;0;7;450;0
