1077.999756;-753.979309;-223.906189;2;Connector to Blue train;-45.80407;143.151688;800;0;1;0;1;0;450;0
1021.096924;-254.988556;-215.906189;2;A1 to Break Room;-38.494926;154.562332;800;0;0;0;0;0;450;0
-655.999207;-449.66864;16.093811;2;White halls to Ivy;-38.577927;27.880314;800;0;0;0;0;0;450;0
-613.161682;-583.96875;16.093811;2;White halls to Green train;-44.022999;53.455647;800;0;0;0;0;0;450;0
-1155.979004;-1301.504395;-95.906189;2;Boilers to H2  |  Bomb train;-15.857571;38.88282;800;1;0;0;2;0;450;0
-1055.96875;-1607.969116;-151.906189;2;Boilers to B Upper;-9.076089;-21.028521;800;0;0;0;0;0;450;0
-1159.999634;-1048.001709;-95.906189;2;Boilers to Connector;-11.023086;5.091055;800;1;0;0;2;0;450;0
-1159.978027;-1088.112549;-95.909508;2;Boilers to H2 Lower;-6.832071;13.307947;800;1;0;0;2;0;450;0
-526.628235;1325.40686;-86.839478;2;T Spawn to Bomb train;-26.41748;-57.328667;800;0;0;0;0;0;450;0
-453.358459;1286.284668;-86.490753;2;T Spawn to Bomb train;-25.130558;-58.731426;800;0;0;0;0;0;450;0
-645.47937;1697.721924;-209.906189;2;T Spawn to Blue train  |  Red train;-41.56469;-65.086685;800;0;0;0;0;0;450;0
-803.572388;388.278839;-215.906189;2;T Spawn to Green train;-21.022144;13.708805;800;0;0;0;0;0;450;0
-645.469482;1697.722534;-209.908966;2;T Spawn to Electric box;-42.05962;-72.308723;800;0;0;0;0;0;450;0
-555.03125;1262.03125;-212.532227;2;T Spawn to Blue train;-68.09655;-50.974125;800;0;0;0;0;0;450;0
-481.865631;1725.011597;-209.906189;2;T Spawn to Electric box;-45.93708;-78.790627;800;0;0;0;0;0;450;0
-660.665283;1157.718262;-216.906189;2;T Spawn to A Train;-43.198013;-44.553295;800;0;0;0;0;0;450;0
-838.162292;1268.024414;-222.906189;2;T Spawn to Red Train  |  Green Train;-37.604507;-42.064575;800;0;0;0;0;0;450;0
-640.027832;-583.969666;16.093811;2;B Stairs to Ivy  |  Green Train;-44.699406;32.218452;800;0;0;0;0;0;450;0
1388.42627;1446.000488;-223.906189;2;T Long to Ivy;-6.188282;-95.524574;800;0;0;0;0;0;450;0
1535.96875;1775.96875;-223.906189;2;T Long to A2;-9.818258;-112.486588;800;1;0;0;2;0;450;0
-653.999329;-479.968719;16.093811;2;B Stairs to Connector;-41.597443;-8.42019;800;0;0;0;0;0;450;0
-448.614746;1236.03125;-86.839478;2;T Spawn to Connector;-29.766037;-58.441879;800;0;0;0;0;0;450;0
-655.96875;-399.892731;16.093811;2;White halls to Bomb train  |  Connector;-46.002502;10.89071;800;0;0;0;0;0;450;0
50.86047;-1023.914978;-164.55777;2;B包点烟 to Boilers;-23.860077;-179.212845;800;0;0;0;0;0;450;0
400.03125;-420.03125;-211.777573;2;Connector to A包点烟;-28.85902;-89.674629;800;1;0;0;2;0;450;0
-799.032654;-1731.970947;-127.906189;2;Upper to Boilers;-13.036031;0.827849;800;0;0;0;0;0;450;0
-989.218689;-1637.97937;-151.906189;3;Boilers to Ladder;-10.660044;-19.426443;800;0;0;0;0;0;450;0
-790.028748;375.928741;-215.906189;3;Break Room to Blue Train  |  Green Train;-11.270589;27.332729;800;1;0;0;2;0;450;0
-750.761169;304.03125;-215.906189;3;Break Room to Electric Box;-3.053643;51.947502;800;0;1;0;1;0;450;0