-377.96875;-851.04180908203;11776.03125;1;大坡火;-42.619037628174;179.49572753906;250;0;1;0;0;0;0
-377.96868896484;-851.10461425781;11776.03125;3;大坡雷;-42.812385559082;179.88278198242;250;0;1;0;0;0;0
-1135.96875;-1221.96875;11776.03125;1;忍者位火;-22.09580039978;38.633220672607;250;1;0;0;5;450;0
-1135.96875;-1221.96875;11776.03125;3;忍者位雷;-22.24063873291;38.526611328125;250;1;0;0;6;450;0
-404.98654174805;-406.5959777832;11776.03125;1;铁板火;-16.828418731689;-127.55125427246;250;0;0;0;0;0;0
-405.54925537109;-407.75823974609;11776.03125;3;铁板雷;-16.973369598389;-127.60960388184;250;0;0;0;0;0;0
-879.96875;-1081.625;11648.03125;2;A点烟 (进点);-38.390083312988;54.505611419678;250;0;0;0;0;0;0
-879.96875;-1081.625;11648.03125;2;侧道烟 (进点);-43.029155731201;33.485027313232;250;0;0;0;0;0;0
-63.006958007813;-80.03125;11776.03125;2;斜坡烟 (单向);-11.162792205811;-113.81855010986;250;0;0;0;0;0;0
-2021.4449462891;-575.03796386719;11776.03125;1;铁架火;2.6093175411224;65.975433349609;250;0;1;0;0;0;0
-2021.4449462891;-575.03796386719;11776.03125;3;铁架雷;2.6093175411224;65.975433349609;250;0;1;0;0;0;0
-1995.8774414063;-577.99499511719;11776.03125;1;进点火;3.2257204055786;75.060844421387;250;0;1;0;0;0;0
-1995.8774414063;-577.99499511719;11776.03125;2;警中烟;3.2257204055786;75.060844421387;250;0;1;0;0;0;0
-1995.8774414063;-577.99499511719;11776.03125;3;进点雷;3.2257204055786;75.060844421387;250;0;1;0;0;0;0
-879.96875;-920.93688964844;11626.267578125;1;沙袋火;-26.493032455444;-34.597454071045;250;0;0;0;0;0;0
-879.96875;-959.76538085938;11635.965820313;1;侧道火 (右键);-50.969619750977;98.873596191406;250;0;1;0;0;0;0
-656.94555664063;-1016.96875;11648.03125;2;包点左边烟;-8.4931373596191;142.95510864258;250;0;1;0;0;0;0
-656.03125;-1016.2360229492;11648.03125;3;木箱雷;-30.045442581177;152.37825012207;250;0;0;0;0;0;0
-656.03125;-1016.2048339844;11648.03125;1;木箱火;-30.721946716309;151.65365600586;250;0;0;0;0;0;0
-452.63439941406;-1136.03125;11715.821289063;1;头皮位火;-20.332340240479;57.616237640381;250;0;0;0;0;0;0
-452.63702392578;-1136.0316162109;11715.8203125;3;头皮位雷;-20.42914390564;57.857891082764;250;0;0;0;0;0;0
-452.6393737793;-1136.03125;11715.8203125;2;头皮位烟;-8.7831954956055;50.46439743042;250;0;0;0;0;0;0
-1011.7603759766;-1497.6508789063;11776.03125;1;狙位火;4.1262111663818;61.255615234375;250;1;1;0;42;168;0
-901.96875;-1356.7784423828;11715.03125;1;A区进点火;-24.046447753906;65.480033874512;250;0;0;0;0;0;0
-638.99279785156;-1025.0534667969;11792.03125;1;回防火;-16.894647598267;117.48628997803;250;0;0;0;0;0;0
-919.03125;44.031681060791;11776.03125;2;大坡烟;-24.687202453613;-84.014877319336;250;1;0;0;22;450;0
-2352.96875;-618.61138916016;11488.03125;2;B点烟;-53.874588012695;88.393363952637;250;0;0;0;0;0;0
-2212.8430175781;-586.83459472656;11488.03125;2;旋转楼梯烟;-9.1754789352417;34.985607147217;250;1;0;0;25;450;0
-2374.2709960938;-112.96875;11552.03125;2;电箱烟;-62.773830413818;57.306087493896;250;0;0;0;0;0;0
-2374.2709960938;-112.96875;11552.03125;2;旋转楼梯烟 (单向/右键);-2.6236865520477;-113.20728302002;250;0;0;0;0;0;0
-2374.2709960938;-112.96875;11552.03125;1;三箱火;-33.630344390869;79.083297729492;250;0;0;0;0;0;0
-2374.2709960938;-112.96875;11552.03125;1;柱子火;-36.534164428711;75.340911865234;250;0;0;0;0;0;0
-2528.9838867188;-186.36161804199;11552.03125;2;B区进点烟;-17.301462173462;51.897212982178;250;0;1;0;0;0;0
-2528.9838867188;-186.36161804199;11552.03125;2;铁架烟;-64.858001708984;31.797563552856;250;0;1;0;0;0;0
-2528.9975585938;-186.40493774414;11552.03125;1;柱子狙位火 (进攻);1.5008181333542;84.54411315918;250;0;1;0;0;0;0
-2470.9946289063;-295.79183959961;11664.03125;2;B区进点烟;-42.828819274902;52.097633361816;250;0;0;0;0;0;0
-2381.4665527344;197.96875;11649.03125;2;旋转楼梯烟 (单向/右键);74.369270324707;94.023307800293;250;0;0;0;0;0;0
-1418.03125;-1599.96875;11489.03125;2;A小快速烟;-80.543235778809;48.329467773438;250;0;1;0;0;0;0
-347.03125;-682.81671142578;11774.131835938;2;大坡抢点烟;-11.923846244812;-164.42877197266;250;0;0;0;0;0;0
-63.03125;-354.96875;11776.03125;2;A小防守烟;-27.077699661255;-143.91995239258;250;0;0;0;0;0;0
-1490.3266601563;365.96875;11783.504882813;2;工地门口烟 (回防);-15.573674201965;-151.80590820313;250;0;0;0;0;0;0
-251.06814575195;238.91789245605;11783.03125;2;A包点烟 (回防);-57.801498413086;-115.37644195557;250;0;0;0;0;0;0
-759.51275634766;-385.96875;11776.03125;2;侧道烟 (回防);-42.717288970947;-139.58302307129;250;0;0;0;0;0;0
-759.51275634766;-385.96875;11776.03125;1;侧道火 (回防);-42.717288970947;-139.58302307129;250;0;0;0;0;0;0
-759.51275634766;-385.96875;11776.03125;3;侧道雷 (回防);-42.717288970947;-139.58302307129;250;0;0;0;0;0;0
-495.20883178711;238.96875;11776.03125;2;斜坡烟 (回防);-60.036956787109;-81.862533569336;250;0;0;0;0;0;0
-2059.96875;976.96875;11744.03125;2;楼梯烟 (回防);-19.783395767212;-102.35224151611;250;0;0;0;0;0;0
-1267.4594726563;995.96875;11776.03125;2;楼梯近点烟 (回防);-20.839483261108;-157.96980285645;250;0;0;0;0;0;0
