-377.96875;-851.04180908203;11776.03125;1;大坡火;-42.619037628174;179.49572753906;250;0;1;0;0;0;0
-377.96868896484;-851.10461425781;11776.03125;3;大坡雷;-42.812385559082;179.88278198242;250;0;1;0;0;0;0
-1135.96875;-1221.96875;11776.03125;1;忍者位火;-22.09580039978;38.633220672607;250;1;0;0;5;450;0
-1135.96875;-1221.96875;11776.03125;3;忍者位雷;-22.24063873291;38.526611328125;250;1;0;0;6;450;0
-404.98654174805;-406.5959777832;11776.03125;1;铁板火;-16.828418731689;-127.55125427246;250;0;0;0;0;0;0
-405.54925537109;-407.75823974609;11776.03125;3;铁板雷;-16.973369598389;-127.60960388184;250;0;0;0;0;0;0
-2021.4449462891;-575.03796386719;11776.03125;1;铁架火;2.6093175411224;65.975433349609;250;0;1;0;0;0;0
-2021.4449462891;-575.03796386719;11776.03125;3;铁架雷;2.6093175411224;65.975433349609;250;0;1;0;0;0;0
-1995.8774414063;-577.99499511719;11776.03125;1;进点火;3.2257204055786;75.060844421387;250;0;1;0;0;0;0
-1995.8774414063;-577.99499511719;11776.03125;3;进点雷;3.2257204055786;75.060844421387;250;0;1;0;0;0;0
-879.96875;-920.93688964844;11626.267578125;1;沙袋火;-26.493032455444;-34.597454071045;250;0;0;0;0;0;0
-879.96875;-959.76538085938;11635.965820313;1;侧道火 (右键);-50.969619750977;98.873596191406;250;0;1;0;0;0;0
-656.03125;-1016.2360229492;11648.03125;3;木箱雷;-30.045442581177;152.37825012207;250;0;0;0;0;0;0
-656.03125;-1016.2048339844;11648.03125;1;木箱火;-30.721946716309;151.65365600586;250;0;0;0;0;0;0
-452.63439941406;-1136.03125;11715.821289063;1;头皮位火;-20.332340240479;57.616237640381;250;0;0;0;0;0;0
-452.63702392578;-1136.0316162109;11715.8203125;3;头皮位雷;-20.42914390564;57.857891082764;250;0;0;0;0;0;0
-1011.7603759766;-1497.6508789063;11776.03125;1;狙位火;4.1262111663818;61.255615234375;250;1;1;0;42;168;0
-901.96875;-1356.7784423828;11715.03125;1;A区进点火;-24.046447753906;65.480033874512;250;0;0;0;0;0;0
-638.99279785156;-1025.0534667969;11792.03125;1;回防火;-16.894647598267;117.48628997803;250;0;0;0;0;0;0
-2374.2709960938;-112.96875;11552.03125;1;三箱火;-33.630344390869;79.083297729492;250;0;0;0;0;0;0
-2374.2709960938;-112.96875;11552.03125;1;柱子火;-36.534164428711;75.340911865234;250;0;0;0;0;0;0
-2528.9975585938;-186.40493774414;11552.03125;1;柱子狙位火 (进攻);1.5008181333542;84.54411315918;250;0;1;0;0;0;0
-759.51275634766;-385.96875;11776.03125;1;侧道火 (回防);-42.717288970947;-139.58302307129;250;0;0;0;0;0;0
-759.51275634766;-385.96875;11776.03125;3;侧道雷 (回防);-42.717288970947;-139.58302307129;250;0;0;0;0;0;0
-1615.9245605469;756.408203125;11776.03125;1;二箱火;-8.7958450317383;-144.94775390625;250;1;0;0;9;450;0
-1615.9245605469;756.408203125;11776.03125;3;二箱雷;-8.7958450317383;-144.94775390625;250;1;0;0;9;450;0
-1723.2270507813;750.13543701172;11776.03125;1;三箱火;-26.192319869995;-129.94073486328;250;1;0;0;12;450;0
-1723.2270507813;750.13543701172;11776.03125;3;三箱雷;-26.192319869995;-129.94073486328;250;1;0;0;12;450;0
-1394.03125;844.15234375;11776.03125;1;木箱火;-1.7889579534531;-113.46280670166;250;1;1;0;15;450;0
-1394.03125;814.4697265625;11776.03125;1;钢筋火;11.448541641235;-114.08495330811;250;1;1;0;9;450;0
-1394.03125;814.4697265625;11776.03125;3;钢筋雷;11.448541641235;-114.08495330811;250;1;1;0;9;450;0
-1708.5672607422;172.33871459961;11776.03125;1;工地门口火;-16.166913986206;-161.99391174316;250;1;0;0;6;450;0
-1708.5672607422;172.33871459961;11776.03125;3;工地门口雷;-16.166913986206;-161.99391174316;250;1;0;0;6;450;0
